,SI,t
0,4.442237984838077e-05,60.0
1,4.486006441366958e-05,61.0
2,4.53246018569308e-05,62.0
3,4.581657064806188e-05,63.0
4,4.633243061183109e-05,64.0
5,4.686918890021645e-05,65.0
6,4.7424290239936236e-05,66.0
7,4.799556100666907e-05,67.0
8,4.8581117439161865e-05,68.0
9,4.917932464772055e-05,69.0
10,4.97887370602942e-05,70.0
11,5.040812364498953e-05,71.0
12,5.103638125549436e-05,72.0
13,5.167253305389412e-05,73.0
14,5.2315710228809375e-05,74.0
15,5.296513677877024e-05,75.0
16,5.362011678399408e-05,76.0
17,5.4280023712925126e-05,77.0
18,5.4944144832704655e-05,78.0
19,5.549892136944281e-05,79.0
20,5.6019323982515403e-05,80.0
21,5.65035314028924e-05,81.0
22,5.695725777052231e-05,82.0
23,5.7385166615970966e-05,83.0
24,5.779109056558551e-05,84.0
25,5.817819560360135e-05,85.0
26,5.854910632142805e-05,86.0
27,5.890600314373655e-05,87.0
28,5.925069905218624e-05,88.0
29,5.958470105194942e-05,89.0
30,5.9909260096010774e-05,90.0
31,6.0225412132328726e-05,91.0
32,6.053401220747749e-05,92.0
33,6.083576304550561e-05,93.0
34,6.113123915625125e-05,94.0
35,6.142090726863738e-05,95.0
36,6.17051437005735e-05,96.0
37,6.198410940686381e-05,97.0
38,6.225818241351515e-05,98.0
39,6.252754802949519e-05,99.0
40,6.2792348341122e-05,100.0
41,6.305268992138374e-05,101.0
42,6.330865034587074e-05,102.0
43,6.356028368330575e-05,103.0
44,6.380762510653002e-05,104.0
45,6.4050604178622e-05,105.0
46,6.428944151148837e-05,106.0
47,6.452410147112075e-05,107.0
48,6.41981497146588e-05,108.0
49,6.383337660425128e-05,109.0
50,6.343056714842579e-05,110.0
51,6.299700818742634e-05,111.0
52,6.253853452835675e-05,112.0
53,6.205986342105192e-05,113.0
54,6.156483736018507e-05,114.0
55,6.105660423802468e-05,115.0
56,6.053775359516174e-05,116.0
57,6.001042143165683e-05,117.0
58,5.9476372073266814e-05,118.0
59,5.893706301006013e-05,119.0
60,5.839369690693487e-05,120.0
61,5.784726381375522e-05,121.0
62,5.729857578685416e-05,122.0
63,5.6748295555444186e-05,123.0
64,5.619696045107184e-05,124.0
65,5.564500251695049e-05,125.0
66,5.509276549428615e-05,126.0
67,5.454051922218675e-05,127.0
68,5.3988471870458965e-05,128.0
69,5.343678033885434e-05,129.0
70,5.2885559093385384e-05,130.0
71,5.233488766364378e-05,131.0
72,5.178481698976393e-05,132.0
73,5.123537478028077e-05,133.0
74,5.068657002019722e-05,134.0
75,5.013839675047299e-05,135.0
76,4.959083722483876e-05,136.0
77,4.9043864536666416e-05,137.0
78,4.8497541091046474e-05,138.0
79,4.8026890399293586e-05,139.0
80,4.7577428635271e-05,140.0
81,4.714859041200535e-05,141.0
82,4.6735820234000796e-05,142.0
83,4.633552345223413e-05,143.0
84,4.594483142580443e-05,144.0
85,4.5561434532482404e-05,145.0
86,4.518346072310036e-05,146.0
87,4.480938536434247e-05,147.0
88,4.443796302628603e-05,148.0
89,4.406817495642815e-05,149.0
90,4.36991879698258e-05,150.0
91,4.333032179400104e-05,151.0
92,4.296102278513697e-05,152.0
93,4.259084252952755e-05,153.0
94,4.2219420255492776e-05,154.0
95,4.184646826660207e-05,155.0
96,4.147175980695598e-05,156.0
97,4.109511891034138e-05,157.0
98,4.0716411885637414e-05,158.0
99,4.033554016356583e-05,159.0
100,3.995243428342089e-05,160.0
101,3.956704883875222e-05,161.0
102,3.917935823210371e-05,162.0
103,3.878935311350192e-05,163.0
104,3.839703739718358e-05,164.0
105,3.8002482539054544e-05,165.0
106,3.7605576345496376e-05,166.0
107,3.720635855845657e-05,167.0
108,3.7198764359568856e-05,168.0
109,3.720434597885282e-05,169.0
110,3.72231386645397e-05,170.0
111,3.7252536276043926e-05,171.0
112,3.7290482385183776e-05,172.0
113,3.733532779016003e-05,173.0
114,3.738573161556844e-05,174.0
115,3.744059102826224e-05,175.0
116,3.749899024191394e-05,176.0
117,3.756016282029704e-05,177.0
118,3.7623463328536835e-05,178.0
119,3.7688429951771555e-05,179.0
120,3.8721377932618175e-05,180.0
121,3.974958107624294e-05,181.0
122,4.077118477781944e-05,182.0
123,4.1787297957471025e-05,183.0
124,4.279883443958756e-05,184.0
125,4.3806563329967086e-05,185.0
126,4.481114451721384e-05,186.0
127,4.581315406637655e-05,187.0
128,4.6813102594256326e-05,188.0
129,4.781144868694765e-05,189.0
130,4.8808608770354626e-05,190.0
131,4.980496442238457e-05,191.0
132,5.080086783392046e-05,192.0
133,5.1796645932627606e-05,193.0
134,5.2792603547548004e-05,194.0
135,5.378902589368699e-05,195.0
136,5.478618058209776e-05,196.0
137,5.578431930462407e-05,197.0
138,5.678367929871066e-05,198.0
139,5.778448466371771e-05,199.0
140,5.87869475743715e-05,200.0
141,5.979126941837296e-05,201.0
142,6.0797641872855256e-05,202.0
143,6.180624792704116e-05,203.0
144,6.281726285441305e-05,204.0
145,6.383085513534889e-05,205.0
146,6.484718732952006e-05,206.0
147,6.586641689622907e-05,207.0
148,6.688869696047147e-05,208.0
149,6.791417702290285e-05,209.0
150,6.894300361279112e-05,210.0
151,6.997532088398047e-05,211.0
152,7.101127115448503e-05,212.0
153,7.205099539041173e-05,213.0
154,7.309463363464209e-05,214.0
155,7.414232538054458e-05,215.0
156,7.51942098915773e-05,216.0
157,7.625042646942211e-05,217.0
158,7.731111467613005e-05,218.0
159,7.83764145187376e-05,219.0
160,7.94464666066239e-05,220.0
161,8.052141229160632e-05,221.0
162,8.160139379853936e-05,222.0
163,8.268655435099629e-05,223.0
164,8.377703829369242e-05,224.0
165,8.487299121141055e-05,225.0
166,8.597456004341381e-05,226.0
167,8.708189319236975e-05,227.0
168,8.819514062724189e-05,228.0
169,8.931445398011665e-05,229.0
170,9.043998663734319e-05,230.0
171,9.15718938256357e-05,231.0
172,9.271033269391896e-05,232.0
173,9.385546239173025e-05,233.0
174,9.500744414496272e-05,234.0
175,9.616644132966959e-05,235.0
176,9.733261954457467e-05,236.0
177,9.850614668285147e-05,237.0
178,9.968719300366384e-05,238.0
179,0.000100875822482056,239.0
180,0.00010115303176147801,240.0
181,0.00010145863096342672,241.0
182,0.00010179436879461673,242.0
183,0.00010215553976592174,243.0
184,0.00010253838352898388,244.0
185,0.00010293985004541872,245.0
186,0.0001033574336476881,246.0
187,0.00010378905329919529,247.0
188,0.00010423296459212662,248.0
189,0.00010468769400685854,249.0
190,0.00010515198906720209,250.0
191,0.00010562449091519407,251.0
192,0.00010610455638159244,252.0
193,0.00010610773652980034,253.0
194,0.00010608805425878277,254.0
195,0.00010604357368411733,255.0
196,0.00010597681550908793,256.0
197,0.00010588985623516292,257.0
198,0.00010578443051071519,258.0
199,0.00010566200552851434,259.0
200,0.00010552383589420002,260.0
201,0.00010537100461725759,261.0
202,0.00010520445410412457,262.0
203,0.000105025009870319,263.0
204,0.00010483339890685834,264.0
205,0.00010463026409867845,265.0
206,0.00010441617571500194,266.0
207,0.00010419164072072767,267.0
208,0.00010395711046021408,268.0
209,0.00010371298711844949,269.0
210,0.00010345962925528372,270.0
211,0.00010319735662664444,271.0
212,0.00010292645444598553,272.0
213,0.00010264717719491534,273.0
214,0.00010235975206025257,274.0
215,0.00010206438205238821,275.0
216,0.00010176124884382679,276.0
217,0.00010145051535482632,277.0
218,0.00010113232810382912,278.0
219,0.00010080681933376525,279.0
220,0.00010047410892186819,280.0
221,0.0001001343060806157,281.0
222,9.978751086002006e-05,282.0
223,9.943381546511614e-05,283.0
224,9.90733054054814e-05,284.0
225,9.870606049501595e-05,285.0
226,9.833215571992078e-05,286.0
227,9.795166199124697e-05,287.0
228,9.75646467961355e-05,288.0
229,9.71711747594221e-05,289.0
230,9.677130812512597e-05,290.0
231,9.636510716586704e-05,291.0
232,9.595263052777083e-05,292.0
233,9.553393551889161e-05,293.0
234,9.510907835007315e-05,294.0
235,9.467811433763874e-05,295.0
236,9.424109807666073e-05,296.0
237,9.379808359179993e-05,297.0
238,9.334912447042391e-05,298.0
239,9.289427398068106e-05,299.0
240,9.243358517588949e-05,300.0
241,9.196711098602012e-05,301.0
242,9.149482021750945e-05,302.0
243,9.370800523762975e-05,303.0
244,9.593262605646156e-05,304.0
245,9.816570350912129e-05,305.0
246,0.00010040925092279333,306.0
247,0.0001026650980739699,307.0
248,0.000104934930189188,308.0
249,0.00010722031746902899,309.0
250,0.0001095227377747003,310.0
251,0.000111843904163522,311.0
252,0.00011418486953553453,312.0
253,0.0001170500305331086,313.0
254,0.00011996853220035714,314.0
255,0.0001229450910666395,315.0
256,0.0001259793050904653,316.0
257,0.0001290711788154862,317.0
258,0.00013222103760468143,318.0
259,0.00013542699081021297,319.0
260,0.0001386922862641262,320.0
261,0.0001420179097966353,321.0
262,0.000145405009950045,322.0
263,0.00014885488218496624,323.0
264,0.00015236895799796695,324.0
265,0.0001559487977504732,325.0
266,0.00015959608632567132,326.0
267,0.00016331263095439836,327.0
268,0.0001671003607146544,328.0
269,0.000170961327332803,329.0
270,0.0001748977070105156,330.0
271,0.00017891180307793702,331.0
272,0.00018300604933514783,332.0
273,0.00018718301399356024,333.0
274,0.00019144540416822964,334.0
275,0.00019579607090245717,335.0
276,0.00020023801472876607,336.0
277,0.00020477439178666012,337.0
278,0.00020940852052900286,338.0
279,0.00021414388905697222,339.0
280,0.00021898416312991572,340.0
281,0.00022393319490231821,341.0
282,0.00022899503244632504,342.0
283,0.00023417393012506303,343.0
284,0.0002394743598890723,344.0
285,0.0002449010235751366,345.0
286,0.0002504583121386022,346.0
287,0.0002508085676786466,347.0
288,0.0002511214727313867,348.0
289,0.00025139651671969934,349.0
290,0.0002516331736044968,350.0
291,0.000251831649758977,351.0
292,0.00025199067044953563,352.0
293,0.0002521096752676671,353.0
294,0.0002521880993360255,354.0
295,0.00025222537565926185,355.0
296,0.00025222093729528934,356.0
297,0.0002521742193542092,357.0
298,0.0002520846608402205,358.0
299,0.0002519517063540806,359.0
300,0.0002517748076691592,360.0
301,0.0002515534251832632,361.0
302,0.0002512872148292759,362.0
303,0.0002475555307094049,363.0
304,0.0002437145053691452,364.0
305,0.0002397702432692585,365.0
306,0.0002357153488755026,366.0
307,0.00023154392484335006,367.0
308,0.000227251330056432,368.0
309,0.0002228340000262376,369.0
310,0.0002182893106473382,370.0
311,0.00021361547302614826,371.0
312,0.00020881145081277252,372.0
313,0.00020387689396821372,373.0
314,0.0001988120845060359,374.0
315,0.00019361789087998107,375.0
316,0.00018829572855314137,376.0
317,0.00018284752493154675,377.0
318,0.00017727568732984594,378.0
319,0.00017158693642769235,379.0
320,0.0001657804849832749,380.0
321,0.0001598599988481966,381.0
322,0.00015382951142244706,382.0
323,0.00014769339686057767,383.0
324,0.0001414563435103494,384.0
325,0.00013512332752584828,385.0
326,0.00012869958663767268,386.0
327,0.00012219059408939462,387.0
328,0.00011560203276627759,388.0
329,0.00010893976955266086,389.0
330,0.0001022098299610352,390.0
331,9.54183730805027e-05,391.0
332,8.85716668961281e-05,392.0
333,8.16760640342808e-05,393.0
334,7.473797799258179e-05,394.0
335,6.77638599163649e-05,395.0
336,6.076017598635753e-05,396.0
337,5.3733385484158315e-05,397.0
338,4.6689919602657695e-05,398.0
339,3.9636161067523236e-05,399.0
340,3.257842463317462e-05,400.0
341,2.5522938512463295e-05,401.0
342,1.8475826794038078e-05,402.0
343,1.144309289566071e-05,403.0
344,4.430604096093858e-06,404.0
345,-2.5559228172169696e-06,405.0
346,-9.510742576672768e-06,406.0
347,-1.0234334267420476e-05,407.0
348,-1.0947482054398596e-05,408.0
349,-1.1650562192131986e-05,409.0
350,-1.2343935233451763e-05,410.0
351,-1.3028182822590286e-05,411.0
352,-1.3703398663338377e-05,412.0
353,-1.4369900319624001e-05,413.0
354,-1.502799309005108e-05,414.0
355,-1.567797059142544e-05,415.0
356,-1.6320115282394934e-05,416.0
357,-1.6954698939997896e-05,417.0
358,-1.7581983099511774e-05,418.0
359,-1.8202338977623667e-05,419.0
360,-1.8815886582439776e-05,420.0
361,-1.942285916349049e-05,421.0
362,-2.002335453012883e-05,422.0
363,-1.9050942195777794e-05,423.0
364,-1.8076238099315774e-05,424.0
365,-1.709918292118205e-05,425.0
366,-1.6120268429131277e-05,426.0
367,-1.5139884781734344e-05,427.0
368,-1.4158336550398316e-05,428.0
369,-1.317585620118063e-05,429.0
370,-1.2192615341832226e-05,430.0
371,-1.1208734175864863e-05,431.0
372,-1.0224289500126351e-05,432.0
373,-9.239321513877487e-06,433.0
374,-8.253839627991693e-06,434.0
375,-7.267827407721668e-06,435.0
376,-6.281246758376949e-06,436.0
377,-5.294041450499877e-06,437.0
378,-4.306140072328052e-06,438.0
379,-3.317458489573407e-06,439.0
380,-2.32790188491275e-06,440.0
381,-1.3373664419217398e-06,441.0
382,-3.4553959225994823e-07,442.0
383,6.474913117159198e-07,443.0
384,1.64184964730606e-06,444.0
385,2.6376635537867225e-06,445.0
386,3.6350653159250064e-06,446.0
387,4.634190862992801e-06,447.0
388,5.6351793618353725e-06,448.0
389,6.63817288669563e-06,449.0
390,7.643316152502536e-06,450.0
391,8.650602377275199e-06,451.0
392,9.660338913086818e-06,452.0
393,1.0672676800863336e-05,453.0
394,1.1687769023715088e-05,454.0
395,1.2705770506455032e-05,455.0
396,1.3726838141411408e-05,456.0
397,1.4751130812709562e-05,457.0
398,1.5778809402780406e-05,458.0
399,1.6810036779834142e-05,459.0
400,1.784497777427088e-05,460.0
401,1.8883799153639164e-05,461.0
402,1.9926669603065844e-05,462.0
403,2.0973759714608345e-05,463.0
404,2.2025241986413356e-05,464.0
405,2.3081290831184383e-05,465.0
406,2.414208259291934e-05,466.0
407,2.5207795570804e-05,467.0
408,2.627861004928007e-05,468.0
409,2.7354708333493225e-05,469.0
410,2.8436274789512213e-05,470.0
411,2.9523495888865546e-05,471.0
412,3.061656025706284e-05,472.0
413,3.171565872586377e-05,473.0
414,3.282098438912442e-05,474.0
415,3.393273266210738e-05,475.0
416,3.505110134418081e-05,476.0
417,3.6176290684855615e-05,477.0
418,3.730864443762403e-05,478.0
419,3.960566679928166e-05,479.0
420,4.1908841379956523e-05,480.0
421,4.4216497708678116e-05,481.0
422,4.652927483404796e-05,482.0
423,4.747210197450305e-05,483.0
424,4.8417288399197265e-05,484.0
425,4.9365928227480786e-05,485.0
426,5.031848891889978e-05,486.0
427,5.127540368431046e-05,487.0
428,5.223707723723733e-05,488.0
429,5.320389017870008e-05,489.0
430,5.417620237994374e-05,490.0
431,5.515435563459329e-05,491.0
432,5.613867578511536e-05,492.0
433,5.7129474477724385e-05,493.0
434,5.812705065927274e-05,494.0
435,5.9131691896552306e-05,495.0
436,6.0143675571790665e-05,496.0
437,6.116326998759811e-05,497.0
438,6.219073539984929e-05,498.0
439,6.322632498726198e-05,499.0
440,6.427028576083233e-05,500.0
441,6.532249512067033e-05,501.0
442,6.63832791705077e-05,502.0
443,6.745315810797451e-05,503.0
444,6.853236221770952e-05,504.0
445,6.962111935534836e-05,505.0
446,7.071965550561451e-05,506.0
447,7.182819528771306e-05,507.0
448,7.29469624135781e-05,508.0
449,7.407618010414946e-05,509.0
450,7.521607146750298e-05,510.0
451,7.636707621824219e-05,511.0
452,7.752919660186299e-05,512.0
453,7.870265801351334e-05,513.0
454,7.988768703828812e-05,514.0
455,8.108451157446183e-05,515.0
456,8.229336092616188e-05,516.0
457,8.351446590273661e-05,517.0
458,8.474805894790081e-05,518.0
459,8.599437430219163e-05,519.0
460,8.7253648189725e-05,520.0
461,8.852611901735377e-05,521.0
462,8.981202757695274e-05,522.0
463,9.111161724539308e-05,523.0
464,9.24251341797634e-05,524.0
465,9.375282750724832e-05,525.0
466,9.509494951006901e-05,526.0
467,9.645175580635578e-05,527.0
468,9.782350552798513e-05,528.0
469,9.921043685973654e-05,529.0
470,0.00010073321601874041,530.0
471,0.00010224075335278437,531.0
472,0.00010373035436354762,532.0
473,0.00010520640853157361,533.0
474,0.00010667255161540759,534.0
475,0.00010813184341166218,535.0
476,0.00010958689469495689,536.0
477,0.00011103995964553862,537.0
478,0.00011249280263918848,538.0
479,0.00011277755852368305,539.0
480,0.00011308038804671814,540.0
481,0.00011340453301272299,541.0
482,0.0001137470705453926,542.0
483,0.0001141056110929819,543.0
484,0.00011447817553407977,544.0
485,0.00011486310622687714,545.0
486,0.00011525900177982244,546.0
487,0.00011566466864182585,547.0
488,0.00011607908472987601,548.0
489,0.00011650137170716818,549.0
490,0.00011693077347580912,550.0
491,0.00011736663912135888,551.0
492,0.00011780840903985328,552.0
493,0.00011825499776584387,553.0
494,0.00011870661355702836,554.0
495,0.00011916290713624634,555.0
496,0.0001196235826827194,556.0
497,0.00012008839097751461,557.0
498,0.00012055712326721339,558.0
499,0.00012102960578032592,559.0
500,0.00012150569484890575,560.0
501,0.00012198576047870675,561.0
502,0.00012246920856072148,562.0
503,0.0001229559620206679,563.0
504,0.00012344595956044767,564.0
505,0.00012393915318821525,565.0
506,0.0001244355061051864,566.0
507,0.00012493499090581998,567.0
508,0.00012543758804967978,568.0
509,0.0001259432845659808,569.0
510,0.00012645207295557313,570.0
511,0.00012696395025997852,571.0
512,0.00012747891727272922,572.0
513,0.00012799697787397118,573.0
514,0.00012851813847406586,574.0
515,0.0001290424075548089,575.0
516,0.000129569795297634,576.0
517,0.0001301003132872712,577.0
518,0.0001306339742779511,578.0
519,0.00013117079200866797,579.0
520,0.00013171078105495986,580.0
521,0.00013225395670705392,581.0
522,0.00013280033486726838,582.0
523,0.0001333499319622943,583.0
524,0.0001339027648678876,584.0
525,0.0001344588508445184,585.0
526,0.0001350182074829097,586.0
527,0.00013558085265847418,587.0
528,0.00013614680449363384,588.0
529,0.00013671611168236992,589.0
530,0.0001371629080517351,590.0
531,0.0001376579355681341,591.0
532,0.00013820390288218196,592.0
533,0.00013879364078641876,593.0
534,0.00013841225170239412,594.0
535,0.00013802407449409646,595.0
536,0.00013762386485326498,596.0
537,0.0001372114020096864,597.0
538,0.0001367865137924506,598.0
539,0.00013634906670671206,599.0
540,0.0001358989583497563,600.0
541,0.00013543611159562947,601.0
542,0.00013496047014216583,602.0
543,0.00013447199511938972,603.0
544,0.00013397066252506703,604.0
545,0.00013345646129651694,605.0
546,0.00013292939185842448,606.0
547,0.00013238946501176866,607.0
548,0.00013183670105332244,608.0
549,0.00013127112903988167,609.0
550,0.00013069278613569884,610.0
551,0.00013010171700380906,611.0
552,0.0001294979732202495,612.0
553,0.00012888231705811482,613.0
554,0.00012825408835597562,614.0
555,0.00012761335633186953,615.0
556,0.00012696019494352865,616.0
557,0.00012629468240167843,617.0
558,0.00012561690072742269,618.0
559,0.0001249269353569723,619.0
560,0.00012422487479438868,620.0
561,0.00012351081031068562,621.0
562,0.0001227848356857767,622.0
563,0.00012204704698849776,623.0
564,0.00012129754238942618,624.0
565,0.00012053642200154523,625.0
566,0.00011976378774510905,626.0
567,0.00011897974323535897,627.0
568,0.0001181843936946847,628.0
569,0.00011737784589333502,629.0
570,0.00011656020812291804,630.0
571,0.0001157315902030087,631.0
572,0.00011489210351374515,632.0
573,0.00011404186104030094,633.0
574,0.00011318097741318843,634.0
575,0.00011230956893274155,635.0
576,0.00011142775357356232,636.0
577,0.0001105356509709503,637.0
578,0.0001096333823943414,638.0
579,0.00010872107071298383,639.0
580,0.00010779884035788476,640.0
581,0.00010686681728257884,641.0
582,0.00010592512892403089,642.0
583,0.00010497390416415426,643.0
584,0.00010401327329194957,644.0
585,0.00010304336796602866,645.0
586,0.00010206432117721382,646.0
587,0.00010107626721089776,647.0
588,0.00010007934160889493,648.0
589,9.907368113056713e-05,649.0
590,9.805942371306534e-05,650.0
591,9.703670843057093e-05,651.0
592,9.60056754524673e-05,652.0
593,9.496658792536922e-05,653.0
594,9.50270257616174e-05,654.0
595,9.50874975767173e-05,655.0
596,9.514774562498374e-05,656.0
597,9.520823625936145e-05,657.0
598,9.526932665447337e-05,658.0
599,9.533129000579184e-05,659.0
600,9.539433393036395e-05,660.0
601,9.545861413715203e-05,661.0
602,9.552424475483633e-05,662.0
603,9.559130626702562e-05,663.0
604,9.565985171518254e-05,664.0
605,9.572991163307407e-05,665.0
606,9.580149804024262e-05,666.0
607,9.587460772594186e-05,667.0
608,9.594922498682869e-05,668.0
609,9.602532393357443e-05,669.0
610,9.610287044807168e-05,670.0
611,9.618182385011739e-05,671.0
612,9.626213831738805e-05,672.0
613,9.634376409274259e-05,673.0
614,9.642664850663746e-05,674.0
615,9.651073683833233e-05,675.0
616,9.659597303670571e-05,676.0
617,9.668230031930154e-05,677.0
618,9.676966166634905e-05,678.0
619,9.685800022477041e-05,679.0
620,9.694725963556308e-05,680.0
621,9.703738429636713e-05,681.0
622,9.712831956952499e-05,682.0
623,9.722001194448203e-05,683.0
624,9.731240916193634e-05,684.0
625,9.740546030567523e-05,685.0
626,9.749911586652878e-05,686.0
627,9.759332778146602e-05,687.0
628,9.768804945003495e-05,688.0
629,9.778323573090915e-05,689.0
630,9.787884292383051e-05,690.0
631,9.79748287456351e-05,691.0
632,9.807115230996868e-05,692.0
633,9.81677741157381e-05,693.0
634,9.82646560413043e-05,694.0
635,9.836176133627835e-05,695.0
636,9.8459054604157e-05,696.0
637,9.855650177420401e-05,697.0
638,9.86540700651306e-05,698.0
639,9.875172794436016e-05,699.0
640,9.884944508590206e-05,700.0
641,9.894719232858742e-05,701.0
642,9.904494163544796e-05,702.0
643,9.914266605446026e-05,703.0
644,9.924033968063021e-05,704.0
645,9.933793761932734e-05,705.0
646,9.943543595077254e-05,706.0
647,9.953281169560152e-05,707.0
648,9.96300427814515e-05,708.0
649,9.972710801054014e-05,709.0
650,9.982398702820706e-05,710.0
651,9.992066029240314e-05,711.0
652,0.00010001710904411442,712.0
653,0.00010011331085207842,713.0
654,0.00010020850993438168,714.0
655,0.00010030000646259889,715.0
656,0.00010038771307457626,716.0
657,0.00010047220532720253,717.0
658,0.00010055394789623116,718.0
659,0.00010063331999798586,719.0
660,0.00010071063380417722,720.0
661,0.00010078614803462742,721.0
662,0.0001008600781738024,722.0
663,0.0001009326042887244,723.0
664,0.00010100387712068818,724.0
665,0.00010107402291915918,725.0
666,0.0001011431473466125,726.0
667,0.00010121133868584798,727.0
668,0.00010127867051299548,728.0
669,0.00010134520395140526,729.0
670,0.00010141098958821106,730.0
671,0.00010147606911252968,731.0
672,0.0001015404767189475,732.0
673,0.00010160424030993102,733.0
674,0.00010166738252420735,734.0
675,0.00010172992161383392,735.0
676,0.00010179187218962867,736.0
677,0.0001018532458523371,737.0
678,0.00010191405172501858,738.0
679,0.00010197429690045161,739.0
680,0.00010203398681579954,740.0
681,0.00010209312556534068,741.0
682,0.00010215171616069924,742.0
683,0.00010220976074678437,743.0
684,0.00010226726078048864,744.0
685,0.00010232421717814983,745.0
686,0.00010238063043682238,746.0
687,0.00010243650073348867,747.0
688,0.00010249182800553154,748.0
689,0.00010254661201515484,749.0
690,0.00010260085240017032,750.0
691,0.00010265454871383015,751.0
692,0.00010270770045679312,752.0
693,0.00010276030710416817,753.0
694,0.00010281236812927827,754.0
695,0.00010286388302413638,755.0
696,0.00010291485131588397,756.0
697,0.00010296527257886253,757.0
698,0.0001030151464427968,758.0
699,0.00010306447259797954,759.0
700,0.00010311325079834258,760.0
701,0.00010316148086307593,761.0
702,0.00010320916267721342,762.0
703,0.00010325629619145702,763.0
704,0.00010330288142141816,764.0
705,0.00010334891844639729,765.0
706,0.00010339440740779823,766.0
707,0.00010343934850725697,767.0
708,0.00010348374200455205,768.0
709,0.00010352758821534651,769.0
710,0.00010357088750881736,770.0
711,0.0001036136403052011,771.0
712,0.00010365584707329539,772.0
713,0.00010369744668482653,773.0
714,0.00010374410035189464,774.0
715,0.00010381649278992318,775.0
716,0.00010391561494695337,776.0
717,0.0001040374353353176,777.0
718,0.00010417861047949384,778.0
719,0.00010433634085502823,779.0
720,0.00010450826458076394,780.0
721,0.00010469237759279943,781.0
722,0.00010488697263908276,782.0
723,0.00010509059178449542,783.0
724,0.00010530198869405325,784.0
725,0.00010552015742463526,785.0
726,0.00010572287474349887,786.0
727,0.00010587892311251051,787.0
728,0.00010598623632162206,788.0
729,0.00010605251746618245,789.0
730,0.00010608395285028277,790.0
731,0.00010608558900300011,791.0
732,0.00010606159658355465,792.0
733,0.00010601545923956766,793.0
734,0.00010595011145965214,794.0
735,0.00010586804106779594,795.0
736,0.00010577136681432594,796.0
737,0.00010566189820825493,797.0
738,0.00010554118256488787,798.0
739,0.00010541054277776564,799.0
740,0.00010527110830745292,800.0
741,0.00010512384115562806,801.0
742,0.00010496955806739798,802.0
743,0.00010480894982074945,803.0
744,0.00010464259818434261,804.0
745,0.0001044709909298956,805.0
746,0.00010429453515514076,806.0
747,0.00010411356909220442,807.0
748,0.00010392837252994343,808.0
749,0.00010373917595505985,809.0
750,0.00010354616850650703,810.0
751,0.00010334950483584529,811.0
752,0.00010314931097132077,812.0
753,0.00010294568929314204,813.0
754,0.00010273872273523187,814.0
755,0.0001025284783265032,815.0
756,0.00010231501017115098,816.0
757,0.00010209836194937349,817.0
758,0.00010187856900496657,818.0
759,0.00010165566007667075,819.0
760,0.00010142965872418073,820.0
761,0.00010120058449518217,821.0
762,0.00010096845387575823,822.0
763,0.00010073328106290343,823.0
764,0.00010049507859452643,824.0
765,0.00010025385786822377,825.0
766,0.00010000962957384261,826.0
767,9.976240405615371e-05,827.0
768,9.95121916151195e-05,828.0
769,9.925900274604927e-05,829.0
770,9.900284832217742e-05,830.0
771,9.874373972580776e-05,831.0
772,9.848168893741148e-05,832.0
773,9.82167085928878e-05,833.0
774,9.794881201789123e-05,834.0
775,9.767801324588343e-05,835.0
776,9.740432702453773e-05,836.0
777,9.712783653170565e-05,837.0
778,9.671687273389039e-05,838.0
779,9.626529584159254e-05,839.0
780,9.577312319011245e-05,840.0
781,9.524717580919064e-05,841.0
782,9.46930066176934e-05,842.0
783,9.41151929453835e-05,843.0
784,9.35175467638649e-05,844.0
785,9.290321715359262e-05,845.0
786,9.229309920433205e-05,846.0
787,9.171173775632992e-05,847.0
788,9.116064691115889e-05,848.0
789,9.063374980549761e-05,849.0
790,9.012636486657761e-05,850.0
791,8.963481910757988e-05,851.0
792,8.915618505928575e-05,852.0
793,8.868809765985254e-05,853.0
794,8.822862430412166e-05,854.0
795,8.77763949649646e-05,855.0
796,8.732963634325924e-05,856.0
797,8.688746201117305e-05,857.0
798,8.64489412209876e-05,858.0
799,8.601329454410992e-05,859.0
800,8.55798702890076e-05,860.0
801,8.51481255038533e-05,861.0
802,8.471761030783519e-05,862.0
803,8.428795468280968e-05,863.0
804,8.385885713701553e-05,864.0
805,8.34300748502782e-05,865.0
806,8.300141504430982e-05,866.0
807,8.25727274077356e-05,867.0
808,8.214389745670044e-05,868.0
809,8.171484073950979e-05,869.0
810,8.128549780685825e-05,870.0
811,8.085582987446834e-05,871.0
812,8.042581510691934e-05,872.0
813,7.999544545287745e-05,873.0
814,7.956472396435316e-05,874.0
815,7.913366253691665e-05,875.0
816,7.870228001448387e-05,876.0
817,7.827060061162059e-05,877.0
818,7.783865261718591e-05,878.0
819,7.74064673521491e-05,879.0
820,7.697407835596437e-05,880.0
821,7.654152076714147e-05,881.0
822,7.610883085077805e-05,882.0
823,7.567604562153072e-05,883.0
824,7.524320252105659e-05,884.0
825,7.481033912752948e-05,885.0
826,7.43774928907763e-05,886.0
827,7.394470089571658e-05,887.0
828,7.351199966030697e-05,888.0
829,7.307942497351087e-05,889.0
830,7.264701177490662e-05,890.0
831,7.221479407251999e-05,891.0
832,7.178280489186149e-05,892.0
833,7.135107624814375e-05,893.0
834,7.091963913464372e-05,894.0
835,7.048852352198678e-05,895.0
836,7.005775836481949e-05,896.0
837,6.962731770163395e-05,897.0
838,6.931328597476296e-05,898.0
839,6.902421410279027e-05,899.0
840,6.915451685815515e-05,900.0
841,6.928776710398483e-05,901.0
842,6.942007669983131e-05,902.0
843,6.955228778132942e-05,903.0
844,6.968504786445491e-05,904.0
845,6.981886434312156e-05,905.0
846,6.995414187319191e-05,906.0
847,7.009120858418737e-05,907.0
848,7.023033479014172e-05,908.0
849,7.037174653232268e-05,909.0
850,7.051563547560101e-05,910.0
851,7.066216617867756e-05,911.0
852,7.08114814432153e-05,912.0
853,7.096370624609508e-05,913.0
854,7.111895062835326e-05,914.0
855,7.127712025046567e-05,915.0
856,7.14386847201051e-05,916.0
857,7.160353311842791e-05,917.0
858,7.177173695133049e-05,918.0
859,7.194335893835313e-05,919.0
860,7.211845385862195e-05,920.0
861,7.229706934095557e-05,921.0
862,7.247924661497116e-05,922.0
863,7.266502122754274e-05,923.0
864,7.285442372204052e-05,924.0
865,7.304748027502752e-05,925.0
866,7.32442132850772e-05,926.0
867,7.34446419099258e-05,927.0
868,7.364878255032455e-05,928.0
869,7.385664928118657e-05,929.0
870,7.406825423260122e-05,930.0
871,7.42836079248542e-05,931.0
872,7.450271956277503e-05,932.0
873,7.472559729543249e-05,933.0
874,7.495224844733692e-05,934.0
875,7.51826797264787e-05,935.0
876,7.541689741221028e-05,936.0
877,7.565490752157535e-05,937.0
878,7.589671594672989e-05,938.0
879,7.614232855145384e-05,939.0
880,7.639175121660412e-05,940.0
881,7.664498983586917e-05,941.0
882,7.690205027936912e-05,942.0
883,7.716293835168805e-05,943.0
884,7.742765976619387e-05,944.0
885,7.769622014428473e-05,945.0
886,7.796862503659553e-05,946.0
887,7.824487995795111e-05,947.0
888,7.852499042782178e-05,948.0
889,7.880896201031906e-05,949.0
890,7.909680035034713e-05,950.0
891,7.93885112045342e-05,951.0
892,7.968410046684672e-05,952.0
893,7.998357418944075e-05,953.0
894,8.028693859954051e-05,954.0
895,8.059420011314899e-05,955.0
896,8.090536534629902e-05,956.0
897,8.122044112441416e-05,957.0
898,8.153943449023451e-05,958.0
899,8.186227114841647e-05,959.0
900,8.181012220885189e-05,960.0
901,8.178240133066146e-05,961.0
902,8.177994739633723e-05,962.0
903,8.179890634075088e-05,963.0
904,8.183617172092827e-05,964.0
905,8.188920203013172e-05,965.0
906,8.195589121010003e-05,966.0
907,8.203443752581833e-05,967.0
908,8.207659387565142e-05,968.0
909,8.210488962854958e-05,969.0
910,8.211726529153928e-05,970.0
911,8.211624975743207e-05,971.0
912,8.210387430266944e-05,972.0
913,8.208179724384489e-05,973.0
914,8.205139243824785e-05,974.0
915,8.201381308238732e-05,975.0
916,8.197003826475168e-05,976.0
917,8.192090727014695e-05,977.0
918,8.18671450795237e-05,978.0
919,8.180938150066785e-05,979.0
920,8.17481656899689e-05,980.0
921,8.168397735717266e-05,981.0
922,8.16172356070278e-05,982.0
923,8.154830611840143e-05,983.0
924,8.147750716588388e-05,984.0
925,8.140511483604353e-05,985.0
926,8.133136767194278e-05,986.0
927,8.125647089030106e-05,987.0
928,8.11806002520478e-05,988.0
929,8.110390562514919e-05,989.0
930,8.102651425430326e-05,990.0
931,8.094853374091591e-05,991.0
932,8.087005473432592e-05,992.0
933,8.079115333788051e-05,993.0
934,8.071189323825502e-05,994.0
935,8.063232757152322e-05,995.0
936,8.055250054382687e-05,996.0
937,8.047244882768487e-05,997.0
938,8.039220275704599e-05,998.0
939,8.031178734528371e-05,999.0
940,8.023122315052749e-05,1000.0
941,8.015052701180844e-05,1001.0
942,8.006971267700195e-05,1002.0
943,7.998879133948258e-05,1003.0
944,7.99077720956168e-05,1004.0
945,7.982666233138474e-05,1005.0
946,7.974546804469435e-05,1006.0
947,7.966419410995561e-05,1007.0
948,7.958284449190207e-05,1008.0
949,7.950142241556967e-05,1009.0
950,7.941993049895932e-05,1010.0
951,7.933837085494582e-05,1011.0
952,7.925674516949161e-05,1012.0
953,7.917505476342824e-05,1013.0
954,7.90933006440698e-05,1014.0
955,7.901148355080592e-05,1015.0
956,7.892960399653238e-05,1016.0
957,7.884766230522374e-05,1017.0
958,7.87656586453436e-05,1018.0
959,7.868356795424007e-05,1019.0
960,7.891848023386386e-05,1020.0
961,7.913838063120775e-05,1021.0
962,7.93421414158179e-05,1022.0
963,7.953250063828603e-05,1023.0
964,7.97117299101996e-05,1024.0
965,7.988173416075575e-05,1025.0
966,8.004412515487366e-05,1026.0
967,8.020031375111643e-05,1027.0
968,8.03979564373801e-05,1028.0
969,8.061370644001218e-05,1029.0
970,8.084933580184066e-05,1030.0
971,8.110220918798866e-05,1031.0
972,8.137022839410753e-05,1032.0
973,8.165169462303697e-05,1033.0
974,8.194521154946352e-05,1034.0
975,8.22496159089337e-05,1035.0
976,8.256392710072872e-05,1036.0
977,8.288731018121812e-05,1037.0
978,8.321904842645358e-05,1038.0
979,8.355852279785757e-05,1039.0
980,8.390519640649536e-05,1040.0
981,8.425860259023767e-05,1041.0
982,8.461833558476189e-05,1042.0
983,8.498404303865452e-05,1043.0
984,8.535541982730481e-05,1044.0
985,8.573220277871053e-05,1045.0
986,8.611416604721989e-05,1046.0
987,8.650111696476335e-05,1047.0
988,8.689289226733812e-05,1048.0
989,8.728935464113438e-05,1049.0
990,8.76903895616166e-05,1050.0
991,8.809590241427634e-05,1051.0
992,8.850581589172343e-05,1052.0
993,8.892006766186096e-05,1053.0
994,8.933860829895792e-05,1054.0
995,8.976139946539786e-05,1055.0
996,9.018841232788509e-05,1056.0
997,9.061962618843403e-05,1057.0
998,9.10550273076847e-05,1058.0
999,9.149460789607656e-05,1059.0
1000,9.193836524749607e-05,1060.0
1001,9.238630099093627e-05,1061.0
1002,9.283842043907984e-05,1062.0
1003,9.329473201849102e-05,1063.0
1004,9.375524677271455e-05,1064.0
1005,9.421997793466788e-05,1065.0
1006,9.468894056651593e-05,1066.0
1007,9.516215126408379e-05,1067.0
1008,9.563962792058907e-05,1068.0
1009,9.612138954267162e-05,1069.0
1010,9.660745611086505e-05,1070.0
1011,9.709784847608005e-05,1071.0
1012,9.759258828319265e-05,1072.0
1013,9.809169791288656e-05,1073.0
1014,9.85952004343186e-05,1074.0
1015,9.91031195637197e-05,1075.0
1016,9.96154796267358e-05,1076.0
1017,0.00010013230552416296,1077.0
1018,0.00010065362270146835,1078.0
1019,0.00010117948524415803,1079.0
1020,0.00010138952925286,1080.0
1021,0.00010162332358007892,1081.0
1022,0.00010132293767484863,1082.0
1023,0.00010101504430470402,1083.0
1024,0.0001006956995097756,1084.0
1025,0.00010036559692941519,1085.0
1026,0.0001000252757984618,1086.0
1027,9.967516412580774e-05,1087.0
1028,9.931560886169623e-05,1088.0
1029,9.894689736064792e-05,1089.0
1030,9.856927287203128e-05,1090.0
1031,9.818294583163947e-05,1091.0
1032,9.778810213148225e-05,1092.0
1033,9.738490916867965e-05,1093.0
1034,9.697352023472866e-05,1094.0
1035,9.6554077653079e-05,1095.0
1036,9.612671497394281e-05,1096.0
1037,9.569155846938212e-05,1097.0
1038,9.524872812483107e-05,1098.0
1039,9.479833828617024e-05,1099.0
1040,9.434049808910664e-05,1100.0
1041,9.387531176769864e-05,1101.0
1042,9.340287891136795e-05,1102.0
1043,9.292329471539323e-05,1103.0
1044,9.243665024984287e-05,1104.0
1045,9.194303275668187e-05,1105.0
1046,9.144252597439679e-05,1106.0
1047,9.09352104833013e-05,1107.0
1048,9.042116406187814e-05,1108.0
1049,8.990046204393462e-05,1109.0
1050,8.937317766726092e-05,1110.0
1051,8.88393824059978e-05,1111.0
1052,8.829914628071778e-05,1112.0
1053,8.775253814190544e-05,1113.0
1054,8.719962592406515e-05,1114.0
1055,8.664047686909374e-05,1115.0
1056,8.607515771893964e-05,1116.0
1057,8.550373487916662e-05,1117.0
1058,8.492627455695365e-05,1118.0
1059,8.434284287932214e-05,1119.0
1060,8.375350599957157e-05,1120.0
1061,8.315833020110045e-05,1121.0
1062,8.25573820068585e-05,1122.0
1063,8.195072829864799e-05,1123.0
1064,8.133843644398547e-05,1124.0
1065,8.07205744213146e-05,1125.0
1066,8.009721093053793e-05,1126.0
1067,7.946841547724799e-05,1127.0
1068,7.88342584250824e-05,1128.0
1069,7.819481101790976e-05,1129.0
1070,7.755014537849082e-05,1130.0
1071,7.690033449176847e-05,1131.0
1072,7.624545217974662e-05,1132.0
1073,7.558557307273133e-05,1133.0
1074,7.492077257964819e-05,1134.0
1075,7.425112685868545e-05,1135.0
1076,7.357671278864472e-05,1136.0
1077,7.289760794096062e-05,1137.0
1078,7.221392832573687e-05,1138.0
1079,7.271958213800754e-05,1139.0
1080,7.321703290140393e-05,1140.0
1081,7.370488742963406e-05,1141.0
1082,7.47475595320372e-05,1142.0
1083,7.58042117817241e-05,1143.0
1084,7.687740613812964e-05,1144.0
1085,7.796642077041282e-05,1145.0
1086,7.907072151983311e-05,1146.0
1087,8.018991431832365e-05,1147.0
1088,8.132371150541103e-05,1148.0
1089,8.247190758566107e-05,1149.0
1090,8.363436154825387e-05,1150.0
1091,8.481098384375162e-05,1151.0
1092,8.600172672678034e-05,1152.0
1093,8.720657706754195e-05,1153.0
1094,8.842555099269917e-05,1154.0
1095,8.96586898876729e-05,1155.0
1096,9.090605740948035e-05,1156.0
1097,9.216773724214757e-05,1157.0
1098,9.344383138842556e-05,1158.0
1099,9.47344588398857e-05,1159.0
1100,9.60397545069876e-05,1160.0
1101,9.735986832356577e-05,1161.0
1102,9.869496446717564e-05,1162.0
1103,0.00010004522065823056,1163.0
1104,0.0001014108275169976,1164.0
1105,0.00010279198796882705,1165.0
1106,0.00010418821705157472,1166.0
1107,0.00010560044933952515,1167.0
1108,0.00010702892175515409,1168.0
1109,0.0001084738816763419,1169.0
1110,0.00010993558658175288,1170.0
1111,0.00011141430374822044,1171.0
1112,0.00011291031000051548,1172.0
1113,0.00011442389151279055,1173.0
1114,0.00011595534366001089,1174.0
1115,0.00011750497091676629,1175.0
1116,0.00011907308680014578,1176.0
1117,0.00012066054524423655,1177.0
1118,0.00012226713569302129,1178.0
1119,0.0001238931996842507,1179.0
1120,0.00012553908817372782,1180.0
1121,0.0001272051616022602,1181.0
1122,0.00012889178995946065,1182.0
1123,0.00013059935284841413,1183.0
1124,0.0001323282395596664,1184.0
1125,0.00013407884916617755,1185.0
1126,0.00013585159065195883,1186.0
1127,0.0001376468830848562,1187.0
1128,0.00013946515583826484,1188.0
1129,0.00014130684885968944,1189.0
1130,0.00014317241297910827,1190.0
1131,0.00014506231024843445,1191.0
1132,0.0001469770143044956,1192.0
1133,0.00014891701075029075,1193.0
1134,0.0001508827975516327,1194.0
1135,0.00015287488544803783,1195.0
1136,0.00015489379837787328,1196.0
1137,0.0001569400739183815,1197.0
1138,0.00015901420661958642,1198.0
1139,0.00015985569126235758,1199.0
1140,0.0001607327300022509,1200.0
1141,0.00016164861110031433,1201.0
1142,0.0001625992037588939,1202.0
1143,0.0001635806292117353,1203.0
1144,0.0001632760256827149,1204.0
1145,0.00016294380932346822,1205.0
1146,0.0001625802725784666,1206.0
1147,0.00016218692304889097,1207.0
1148,0.0001617649760743971,1208.0
1149,0.00016131543171045632,1209.0
1150,0.00016083912973663257,1210.0
1151,0.00016033678940790584,1211.0
1152,0.00015980903839351692,1212.0
1153,0.00015925643392078776,1213.0
1154,0.00015867947822696896,1214.0
1155,0.00015807862982598818,1215.0
1156,0.00015745431170010528,1216.0
1157,0.00015680691725412083,1217.0
1158,0.0001561368146744341,1218.0
1159,0.00015544435018699637,1219.0
1160,0.0001547298505893362,1220.0
1161,0.00015399362533275615,1221.0
1162,0.00015323596834746145,1222.0
1163,0.00015245715973455682,1223.0
1164,0.0001516574673945219,1224.0
1165,0.00015083714862166217,1225.0
1166,0.00014999741851928698,1226.0
1167,0.00014913752219321175,1227.0
1168,0.00014825769389419108,1228.0
1169,0.00014735816314759883,1229.0
1170,0.00014643915603998743,1230.0
1171,0.00014550089639742464,1231.0
1172,0.00014454360684790942,1232.0
1173,0.00014356750976524934,1233.0
1174,0.00014257282809615842,1234.0
1175,0.0001415597860758889,1235.0
1176,0.00014052860984023767,1236.0
1177,0.00013947886842988983,1237.0
1178,0.00013841148061480873,1238.0
1179,0.00013732667975279464,1239.0
1180,0.00013622470244340233,1240.0
1181,0.00013510578883016506,1241.0
1182,0.00013397018287873228,1242.0
1183,0.0001328181326257513,1243.0
1184,0.0001316498903893237,1244.0
1185,0.0001304657129309835,1245.0
1186,0.00012926586156100553,1246.0
1187,0.0001280506021829537,1247.0
1188,0.00012682020527896446,1248.0
1189,0.00012557494584274005,1249.0
1190,0.00012431510327082308,1250.0
1191,0.0001230409612235376,1251.0
1192,0.00012175280746553669,1252.0
1193,0.0001204509336933638,1253.0
1194,0.00011913571512585563,1254.0
1195,0.00011774548803278784,1255.0
1196,0.00011632395642122644,1256.0
1197,0.00011487155547432041,1257.0
1198,0.00011339203932683161,1258.0
1199,0.000111888652412768,1259.0
1200,0.00011036422542990904,1260.0
1201,0.0001088212483149973,1261.0
1202,0.00010726192662190906,1262.0
1203,0.00010568864344925939,1263.0
1204,0.00010551620725734597,1264.0
1205,0.00010536043517478535,1265.0
1206,0.00010522255438288956,1266.0
1207,0.0001051004013874904,1267.0
1208,0.00010499219729883545,1268.0
1209,0.0001048964590812829,1269.0
1210,0.00010481193487355503,1270.0
1211,0.00010473755621023988,1271.0
1212,0.00010467240232258885,1272.0
1213,0.00010461567319544903,1273.0
1214,0.0001045666690371835,1274.0
1215,0.00010452477447602928,1275.0
1216,0.00010448944624774231,1276.0
1217,0.00010446020345884114,1277.0
1218,0.0001044366197426666,1278.0
1219,0.00010441831680035494,1279.0
1220,0.00010440495895314261,1280.0
1221,0.0001043962484369219,1281.0
1222,0.00010439192125109762,1282.0
1223,0.000104391743435634,1283.0
1224,0.00010439550769565397,1284.0
1225,0.00010440303032462258,1285.0
1226,0.00010441414839751153,1286.0
1227,0.00010442871721701775,1287.0
1228,0.00010444660800149297,1288.0
1229,0.00010446770580498415,1289.0
1230,0.0001044919076598036,1290.0
1231,0.0001045191209316595,1291.0
1232,0.00010454926187725457,1292.0
1233,0.00010458225439411784,1293.0
1234,0.00010461802895112292,1294.0
1235,0.00010465652168463175,1295.0
1236,0.0001046976736401199,1296.0
1237,0.00010474143013494373,1297.0
1238,0.00010478774021762265,1298.0
1239,0.00010483655620296782,1299.0
1240,0.00010488783326813646,1300.0
1241,0.00010494152909921806,1301.0
1242,0.0001049976035800065,1302.0
1243,0.00010505601851528152,1303.0
1244,0.00010511673738212018,1304.0
1245,0.00010517972510556324,1305.0
1246,0.00010524494785856923,1306.0
1247,0.00010531237288864373,1307.0
1248,0.00010538196837330683,1308.0
1249,0.00010545370330409184,1309.0
1250,0.00010552754739586313,1310.0
1251,0.00010560347101649157,1311.0
1252,0.00010568144513167542,1312.0
1253,0.0001057615356989803,1313.0
1254,0.00010632180012862713,1314.0
1255,0.00010693139911141378,1315.0
1256,0.00010754698625641554,1316.0
1257,0.00010817138915402467,1317.0
1258,0.00010880419207646869,1318.0
1259,0.00010944505016766525,1319.0
1260,0.00011009367215616432,1320.0
1261,0.0001107498080821299,1321.0
1262,0.00011141324045185974,1322.0
1263,0.00011208377778510479,1323.0
1264,0.00011276124986415416,1324.0
1265,0.00011344550421194334,1325.0
1266,0.00011413640346758282,1326.0
1267,0.00011483382342038312,1327.0
1268,0.00011553765152575139,1328.0
1269,0.00011624778576944661,1329.0
1270,0.0001169641337780285,1330.0
1271,0.00011768661209748847,1331.0
1272,0.00011841514558173354,1332.0
1273,0.0001191496668492209,1333.0
1274,0.00011989011578004102,1334.0
1275,0.00012063643903719163,1335.0
1276,0.00012138858960453651,1336.0
1277,0.00012214652634002363,1337.0
1278,0.0001229102135463769,1338.0
1279,0.00012367962056311404,1339.0
1280,0.00012445472138393156,1340.0
1281,0.00012523549430281053,1341.0
1282,0.00012602192159111191,1342.0
1283,0.00012681398920680187,1343.0
1284,0.00012761168653599534,1344.0
1285,0.00012841500616633483,1345.0
1286,0.0001292239436912404,1346.0
1287,0.0001300384975437435,1347.0
1288,0.00013085866885809402,1348.0
1289,0.00013168446135645878,1349.0
1290,0.0001325158812563025,1350.0
1291,0.00013335293719150904,1351.0
1292,0.00013419564013729385,1352.0
1293,0.00013504400332698766,1353.0
1294,0.00013589804215005213,1354.0
1295,0.00013675777402681654,1355.0
1296,0.00013762321826534793,1356.0
1297,0.00013849439591490843,1357.0
1298,0.00013937132963340727,1358.0
1299,0.00014025404358168235,1359.0
1300,0.00014114256334868348,1360.0
1301,0.00014203691590383892,1361.0
1302,0.00014293712956890892,1362.0
1303,0.00014384323400136486,1363.0
1304,0.00014475526018312574,1364.0
1305,0.0001456732404107557,1365.0
1306,0.00014659720828509768,1366.0
1307,0.00014752719869959324,1367.0
1308,0.00014846324782723607,1368.0
1309,0.00014940539310643924,1369.0
1310,0.00015035367322619827,1370.0
1311,0.00015130812811094276,1371.0
1312,0.00015226879890539794,1372.0
1313,0.00015323551540802742,1373.0
1314,0.0001537308857194751,1374.0
1315,0.00015422805663777445,1375.0
1316,0.00015472714432464816,1376.0
1317,0.00015522779055282822,1377.0
1318,0.00015572969287447352,1378.0
1319,0.0001562325927941202,1379.0
1320,0.00015673626705035363,1380.0
1321,0.00015724052107988324,1381.0
1322,0.00015774518404114201,1382.0
1323,0.00015825010496935994,1383.0
1324,0.00015875514976310286,1384.0
1325,0.0001592601987884011,1385.0
1326,0.0001597651449457691,1386.0
1327,0.00016026989208704984,1387.0
1328,0.00016077435369886068,1388.0
1329,0.00016127845179123533,1389.0
1330,0.00016178211594625942,1390.0
1331,0.0001622852824935178,1391.0
1332,0.000162787893788151,1392.0
1333,0.0001632898975738678,1393.0
1334,0.00016379124641795724,1394.0
1335,0.00016429189720865134,1395.0
1336,0.00016479181070738397,1396.0
1337,0.000165290951149969,1397.0
1338,0.0001657892858916586,1398.0
1339,0.00016628678509165442,1399.0
1340,0.00016678342143307883,1400.0
1341,0.0001672791698747145,1401.0
1342,0.00016777400743109113,1402.0
1343,0.00016826791297775283,1403.0
1344,0.0001687608670787826,1404.0
1345,0.0001692528518339233,1405.0
1346,0.00016974385074292896,1406.0
1347,0.0001702338485851204,1407.0
1348,0.00017072283131253782,1408.0
1349,0.0001712107859555744,1409.0
1350,0.0001716977005405421,1410.0
1351,0.00017218356401908842,1411.0
1352,0.00017266836620951495,1412.0
1353,0.00017315209774939195,1413.0
1354,0.00017363475005741747,1414.0
1355,0.0001741163153005408,1415.0
1356,0.00017459678636127507,1416.0
1357,0.00017507615680103887,1417.0
1358,0.00017555442081831408,1418.0
1359,0.0001760315732036768,1419.0
1360,0.00017650760929559183,1420.0
1361,0.00017698252494042783,1421.0
1362,0.00017745631645843933,1422.0
1363,0.00017792898061572664,1423.0
1364,0.00017840051460111126,1424.0
1365,0.00017887091600656446,1425.0
1366,0.00017934018281003659,1426.0
1367,0.0001798083133598208,1427.0
1368,0.00018027530635992818,1428.0
1369,0.0001807411608561674,1429.0
1370,0.0001812058762227749,1430.0
1371,0.00018166945214952678,1431.0
1372,0.0001821318886292995,1432.0
1373,0.00018259319342520559,1433.0
1374,0.00018305383406484204,1434.0
1375,0.00018351555499245172,1435.0
1376,0.00018397846387555397,1436.0
1377,0.00018444223539720275,1437.0
1378,0.00018490660144067383,1438.0
1379,0.00018537133857926888,1439.0
1380,0.0001858362588532794,1440.0
1381,0.0001863012028603193,1441.0
1382,0.000186766034503212,1442.0
1383,0.00018723063694415777,1443.0
1384,0.00018769490944863396,1444.0
1385,0.00018815876489300818,1445.0
1386,0.00018862212777192238,1446.0
1387,0.00018908493258498532,1447.0
1388,0.00018954712251324993,1448.0
1389,0.0001900086483185485,1449.0
1390,0.00019046946741540382,1450.0
1391,0.00019092954307783615,1451.0
1392,0.00019138884375288052,1452.0
1393,0.0001918473424599226,1453.0
1394,0.00019230501626045098,1454.0
1395,0.0001927618457869006,1455.0
1396,0.00019321781482230243,1456.0
1397,0.00019367290992452346,1457.0
1398,0.0001941271200903384,1458.0
1399,0.00019458043645551138,1459.0
1400,0.00019503285202766266,1460.0
1401,0.00019548436144901801,1461.0
1402,0.00019593496078641236,1462.0
1403,0.00019638464734600706,1463.0
1404,0.00019683341951034513,1464.0
1405,0.0001972812765954646,1465.0
1406,0.00019772821872592584,1466.0
1407,0.00019817424672576928,1467.0
1408,0.00019861936202362457,1468.0
1409,0.00019906356657039536,1469.0
1410,0.000199506862768225,1470.0
1411,0.00019994925340974796,1471.0
1412,0.00020039074162676515,1472.0
1413,0.000200831330847644,1473.0
1414,0.00020127102476236066,1474.0
1415,0.0002017098272936588,1475.0
1416,0.00020214774257219141,1476.0
1417,0.00020258477491349978,1477.0
1418,0.00020302092879536198,1478.0
1419,0.00020345620883532728,1479.0
1420,0.00020389061976929136,1480.0
1421,0.0002043241664322986,1481.0
1422,0.00020475685374236064,1482.0
1423,0.00020518868668741068,1483.0
1424,0.00020561967031501485,1484.0
1425,0.00020604980972425952,1485.0
1426,0.00020647911005919055,1486.0
1427,0.0002069075765033894,1487.0
1428,0.00020733521427532758,1488.0
1429,0.00020776202862429812,1489.0
1430,0.00020818790568692187,1490.0
1431,0.0002075209301722323,1491.0
1432,0.00020682669433680785,1492.0
1433,0.0002061060936000902,1493.0
1434,0.0002053656954623592,1494.0
1435,0.00020462688419473697,1495.0
1436,0.00020389201038618514,1496.0
1437,0.0002031577570821808,1497.0
1438,0.00020242135839573127,1498.0
1439,0.00020168048534037483,1499.0
1440,0.0002009331608613873,1500.0
1441,0.00020017769580039314,1501.0
1442,0.00019941264006414933,1502.0
1443,0.00019863674494986745,1503.0
1444,0.0001978489337195406,1504.0
1445,0.00019704827830509966,1505.0
1446,0.00019623398058416335,1506.0
1447,0.0001954053570684222,1507.0
1448,0.00019456182614290002,1508.0
1449,0.00019370289721640506,1509.0
1450,0.00019282816131254473,1510.0
1451,0.0001919372827602934,1511.0
1452,0.00019102999174211563,1512.0
1453,0.00019010607753195644,1513.0
1454,0.0001891653823096546,1514.0
1455,0.00018820779547684677,1515.0
1456,0.00018723324842708994,1516.0
1457,0.0001862417097457607,1517.0
1458,0.00018523318083888925,1518.0
1459,0.00018420769201618706,1519.0
1460,0.00018316529907324742,1520.0
1461,0.00018210608040993044,1521.0
1462,0.00018103013466790892,1522.0
1463,0.00017993757878713172,1523.0
1464,0.00017882854632538436,1524.0
1465,0.00017770318590288207,1525.0
1466,0.0001765616597068509,1526.0
1467,0.0001754041420608519,1527.0
1468,0.00017423081809347655,1528.0
1469,0.00017304188253605346,1529.0
1470,0.00017183753866097427,1530.0
1471,0.00017061799735683503,1531.0
1472,0.00016938347632883212,1532.0
1473,0.00016813419941105506,1533.0
1474,0.00016687039597862826,1534.0
1475,0.0001655923004489085,1535.0
1476,0.00016430015186037964,1536.0
1477,0.00016299419351540156,1537.0
1478,0.00016167467267029322,1538.0
1479,0.000160341840255865,1539.0
1480,0.00015899595061457042,1540.0
1481,0.00015763726124587893,1541.0
1482,0.00015626603255682102,1542.0
1483,0.00015488252761822584,1543.0
1484,0.00015348701192851368,1544.0
1485,0.00015207975318669645,1545.0
1486,0.00015066102107544912,1546.0
1487,0.0001492310870542148,1547.0
1488,0.0001477902241617547,1548.0
1489,0.00014633870682726141,1549.0
1490,0.00014487717759784815,1550.0
1491,0.00014448515156455412,1551.0
1492,0.00014409170331216133,1552.0
1493,0.00014369669259596744,1553.0
1494,0.00014330051305078994,1554.0
1495,0.00014290350116221833,1555.0
1496,0.00014250594438040034,1556.0
1497,0.0001421080879594651,1557.0
1498,0.00014171014078030354,1558.0
1499,0.0001413122803479712,1559.0
1500,0.0001409146571066882,1560.0
1501,0.00014051739818070092,1561.0
1502,0.00014012061062461617,1562.0
1503,0.00013972438424945436,1563.0
1504,0.00013932879407852034,1564.0
1505,0.00013893390247858952,1565.0
1506,0.00013853976100567555,1566.0
1507,0.00013814641199993286,1567.0
1508,0.0001377538899605298,1568.0
1509,0.00013736222272813252,1569.0
1510,0.00013697143249990975,1570.0
1511,0.00013658153669942499,1571.0
1512,0.0001361925487214585,1572.0
1513,0.00013580447856957405,1573.0
1514,0.0001354173334018834,1574.0
1515,0.000135031117997864,1575.0
1516,0.00013464583515564613,1576.0
1517,0.00013426148602472155,1577.0
1518,0.0001338780703740273,1578.0
1519,0.00013349558679237133,1579.0
1520,0.00013311403282268984,1580.0
1521,0.00013273340504734566,1581.0
1522,0.00013235369916161514,1582.0
1523,0.0001319749100759099,1583.0
1524,0.00013159703206113696,1584.0
1525,0.000131220058914739,1585.0
1526,0.00013084398411012266,1586.0
1527,0.0001304690155429348,1587.0
1528,0.00013009441890592685,1588.0
1529,0.00012972043854378763,1589.0
1530,0.00012934681505088127,1590.0
1531,0.00012897330058973312,1591.0
1532,0.00012859965851497,1592.0
1533,0.00012822566299452109,1593.0
1534,0.0001278510986314665,1594.0
1535,0.00012747576008970607,1595.0
1536,0.0001270994517260149,1596.0
1537,0.00012672198723031924,1597.0
1538,0.00012634318927540918,1598.0
1539,0.00012596288917689365,1599.0
1540,0.00012558092656377764,1600.0
1541,0.00012519714905986353,1601.0
1542,0.00012481141197597035,1602.0
1543,0.00012442357801287755,1603.0
1544,0.0001240335169747867,1604.0
1545,0.00012364110549308466,1605.0
1546,0.00012324622676012736,1606.0
1547,0.00012284877027275313,1607.0
1548,0.0001224486315852445,1608.0
1549,0.00012204571207141889,1609.0
1550,0.00012163969099245003,1610.0
1551,0.00012123180740252348,1611.0
1552,0.00012082669423391109,1612.0
1553,0.00012042385715624474,1613.0
1554,0.00012002241099548212,1614.0
1555,0.00011962158480465613,1615.0
1556,0.00011922070713604438,1616.0
1557,0.0001188191934388582,1617.0
1558,0.00011841653515931575,1618.0
1559,0.00011801229023390467,1619.0
1560,0.00011760607474917838,1620.0
1561,0.00011719755559991846,1621.0
1562,0.00011678644401779111,1622.0
1563,0.00011637248986959342,1623.0
1564,0.00011595579600123895,1624.0
1565,0.00011680586141966814,1625.0
1566,0.00011764662467464238,1626.0
1567,0.00011847632205024161,1627.0
1568,0.00011929732155097167,1628.0
1569,0.00012011165270711819,1629.0
1570,0.00012092106628348321,1630.0
1571,0.00012172708067165221,1631.0
1572,0.00012253101846259804,1632.0
1573,0.00012333403570855724,1633.0
1574,0.00012413714569886304,1634.0
1575,0.00012494123858927325,1635.0
1576,0.00012574709787233518,1636.0
1577,0.00012655541441422503,1637.0
1578,0.00012736679858225183,1638.0
1579,0.0001281817908275324,1639.0
1580,0.0001290008709600437,1640.0
1581,0.00012982446626267786,1641.0
1582,0.0001306529585514396,1642.0
1583,0.0001314866903046094,1643.0
1584,0.00013232597002300287,1644.0
1585,0.0001331710769925004,1645.0
1586,0.00013402226557556238,1646.0
1587,0.00013487956605861786,1647.0
1588,0.00013574388180835853,1648.0
1589,0.00013661517561780362,1649.0
1590,0.00013749387275363556,1650.0
1591,0.000138380379022993,1651.0
1592,0.00013927508324226596,1652.0
1593,0.00014017835941645932,1653.0
1594,0.00014109056866122688,1654.0
1595,0.0001420120608954462,1655.0
1596,0.000142943176328546,1656.0
1597,0.0001438842467642997,1657.0
1598,0.0001448355967421222,1658.0
1599,0.0001457975445374451,1659.0
1600,0.00014677040304379293,1660.0
1601,0.00014775448055888448,1661.0
1602,0.00014875008149486835,1662.0
1603,0.0001497575070287599,1663.0
1604,0.000150777055704459,1664.0
1605,0.00015180902399371628,1665.0
1606,0.00015285370682072277,1666.0
1607,0.00015391114026915017,1667.0
1608,0.00015471549900786548,1668.0
1609,0.0001555161731553819,1669.0
1610,0.00015631227048245526,1670.0
1611,0.0001571059955168314,1671.0
1612,0.0001578992948951113,1672.0
1613,0.0001586938942211978,1673.0
1614,0.00015949132812820405,1674.0
1615,0.00016029296517586233,1675.0
1616,0.0001611000287877761,1676.0
1617,0.00016191361511762702,1677.0
1618,0.00016273470849830342,1678.0
1619,0.00016356419495198765,1679.0
1620,0.00016440287410854953,1680.0
1621,0.000165251469784183,1681.0
1622,0.00016611063940438647,1682.0
1623,0.0001669809824089002,1683.0
1624,0.0001678626731483936,1684.0
1625,0.00016752187708191354,1685.0
1626,0.000167200897831601,1686.0
1627,0.0001669017962277319,1687.0
1628,0.00016662104964395013,1688.0
1629,0.00016635570717068228,1689.0
1630,0.00016610328115254953,1690.0
1631,0.00016586166431224343,1691.0
1632,0.0001656290654701073,1692.0
1633,0.00016540395893532774,1693.0
1634,0.00016518504405079986,1694.0
1635,0.00016497121235117303,1695.0
1636,0.00016476152048656444,1696.0
1637,0.00016455516756368977,1697.0
1638,0.00016435147592020857,1698.0
1639,0.00016414987461491206,1699.0
1640,0.00016394988511183938,1700.0
1641,0.00016375110877862119,1701.0
1642,0.00016355321592108013,1702.0
1643,0.00016335593614726792,1703.0
1644,0.00016315904990181422,1704.0
1645,0.0001629623810420175,1705.0
1646,0.0001627657903459193,1706.0
1647,0.0001625691698542966,1707.0
1648,0.00016237243795657905,1708.0
1649,0.00016217553513737202,1709.0
1650,0.00016197842030672306,1710.0
1651,0.0001617810676438662,1711.0
1652,0.00016158346389109755,1712.0
1653,0.00016138560604160563,1713.0
1654,0.00016118749937225215,1714.0
1655,0.0001609891557791389,1715.0
1656,0.00016079059237963765,1716.0
1657,0.00016059183034873332,1717.0
1658,0.00016039289395957415,1718.0
1659,0.00016019380979850878,1719.0
1660,0.00015999460612479613,1720.0
1661,0.00015979531234642518,1721.0
1662,0.00015959595858674002,1722.0
1663,0.00015939657532183202,1723.0
1664,0.00015919719307435793,1724.0
1665,0.00015899784215430538,1725.0
1666,0.0001587985524405149,1726.0
1667,0.00015859954577599394,1727.0
1668,0.000158678408551643,1728.0
1669,0.00015876060929529215,1729.0
1670,0.0001588460137334663,1730.0
1671,0.00015893466945135013,1731.0
1672,0.00015902659929353514,1732.0
1673,0.00015912180689199636,1733.0
1674,0.00015922028086614825,1734.0
1675,0.00015932199805847723,1735.0
1676,0.00015942692606160641,1736.0
1677,0.0001595350252185469,1737.0
1678,0.00015964625022611145,1738.0
1679,0.00015976055143489018,1739.0
1680,0.0001598778759132083,1740.0
1681,0.00015999816832411133,1741.0
1682,0.00016012137165141312,1742.0
1683,0.00016024742780180646,1743.0
1684,0.00016037627810370974,1744.0
1685,0.0001605078637191602,1745.0
1686,0.00016064212598193543,1746.0
1687,0.00016077900667290642,1747.0
1688,0.00016091844824191997,1748.0
1689,0.00016106039398418917,1749.0
1690,0.0001612047881781245,1750.0
1691,0.0001613515761906485,1751.0
1692,0.00016150070455530678,1752.0
1693,0.00016165212102799722,1753.0
1694,0.0001618057746247319,1754.0
1695,0.00016196161564571512,1755.0
1696,0.00016211959568995652,1756.0
1697,0.0001622796676644775,1757.0
1698,0.0001624417857917384,1758.0
1699,0.0001626059056175314,1759.0
1700,0.0001627719840192873,1760.0
1701,0.00016293997921157708,1761.0
1702,0.00016310985074302324,1762.0
1703,0.00016328155947832623,1763.0
1704,0.00016345506756202665,1764.0
1705,0.0001636303383658904,1765.0
1706,0.00016380733642680167,1766.0
1707,0.00016398602738397326,1767.0
1708,0.00016416637792253803,1768.0
1709,0.00016434835572689283,1769.0
1710,0.00016453192944354252,1770.0
1711,0.00016471706865125535,1771.0
1712,0.00016490374383580655,1772.0
1713,0.0001650919263670758,1773.0
1714,0.00016528158847701663,1774.0
1715,0.0001654727032376927,1775.0
1716,0.00016566524453908005,1776.0
1717,0.00016585918706659778,1777.0
1718,0.00016605450627846499,1778.0
1719,0.00016625117838304734,1779.0
1720,0.00016644918031633708,1780.0
1721,0.000166648489719686,1781.0
1722,0.00016684908491792843,1782.0
1723,0.00016705094489792403,1783.0
1724,0.00016725404928760788,1784.0
1725,0.0001674583783355816,1785.0
1726,0.0001676639128912481,1786.0
1727,0.00016787064566243417,1787.0
1728,0.00016807840098893628,1788.0
1729,0.00016828663650262876,1789.0
1730,0.00016849533531280268,1790.0
1731,0.00016870460738967815,1791.0
1732,0.00016891453936854697,1792.0
1733,0.0001691251995507045,1793.0
1734,0.00016933664166894372,1794.0
1735,0.00016954890776521385,1795.0
1736,0.00016976203042259774,1796.0
1737,0.00016997603452205033,1797.0
1738,0.0001701909386447987,1798.0
1739,0.0001704067562065279,1799.0
1740,0.00017062349638511054,1800.0
1741,0.0001708411648863456,1801.0
1742,0.00017105976458015067,1802.0
1743,0.00017127929603124106,1803.0
1744,0.00017149975794253437,1804.0
1745,0.0001717211475255199,1805.0
1746,0.00017194346080903807,1806.0
1747,0.00017216669289592962,1807.0
1748,0.00017239083817550713,1808.0
1749,0.00017261589049863546,1809.0
1750,0.00017284184332128392,1810.0
1751,0.00017306868982154143,1811.0
1752,0.00017329642299444134,1812.0
1753,0.00017352503572826665,1813.0
1754,0.00017375452086552403,1814.0
1755,0.00017398487125125722,1815.0
1756,0.0001742160797710276,1816.0
1757,0.00017444813938059036,1817.0
1758,0.0001746810431289997,1818.0
1759,0.0001749147841767063,1819.0
1760,0.00017514935580994088,1820.0
1761,0.00017538475145232135,1821.0
1762,0.00017562096467409788,1822.0
1763,0.00017585798919893462,1823.0
1764,0.00017609581890780387,1824.0
1765,0.0001763344478397037,1825.0
1766,0.00017657387018947938,1826.0
1767,0.00017681408030363025,1827.0
1768,0.0001770550726752587,1828.0
1769,0.00017729684193907452,1829.0
1770,0.00017753938286692268,1830.0
1771,0.00017778269036391791,1831.0
1772,0.00017802675946501726,1832.0
1773,0.00017827158533183126,1833.0
1774,0.00017851716324951837,1834.0
1775,0.00017876348862368892,1835.0
1776,0.00017901055697725713,1836.0
1777,0.00017925836394725985,1837.0
1778,0.00017950690528166084,1838.0
1779,0.000179756176836142,1839.0
1780,0.00018000617457094193,1840.0
1781,0.0001802568945477255,1841.0
1782,0.0001805083329265142,1842.0
1783,0.00018076048596268703,1843.0
1784,0.00018101326200810377,1844.0
1785,0.00018064207321586196,1845.0
1786,0.00018022764564415807,1846.0
1787,0.0001797692664317727,1847.0
1788,0.00017927704867993499,1848.0
1789,0.0001787721256241289,1849.0
1790,0.00017825983813951602,1850.0
1791,0.00017774034738918875,1851.0
1792,0.00017721381576133645,1852.0
1793,0.00017668040744625308,1853.0
1794,0.00017614028819252763,1854.0
1795,0.0001755936245835732,1855.0
1796,0.00017504058307602873,1856.0
1797,0.0001744813289732665,1857.0
1798,0.00017391602545566457,1858.0
1799,0.00017334483274709405,1859.0
1800,0.00017276790746137055,1860.0
1801,0.000172185402143112,1861.0
1802,0.0001715974649948344,1862.0
1803,0.00017100423976685493,1863.0
1804,0.00017040586577817752,1864.0
1805,0.00016980247803407956,1865.0
1806,0.0001691942074080089,1866.0
1807,0.0001685811808599744,1867.0
1808,0.00016796352166938402,1868.0
1809,0.00016734134966612927,1869.0
1810,0.00016671478144879992,1870.0
1811,0.0001660839305831563,1871.0
1812,0.0001654489077768965,1872.0
1813,0.0001648098210288693,1873.0
1814,0.00016416677575207723,1874.0
1815,0.0001635198748705821,1875.0
1816,0.00016286921889115236,1876.0
1817,0.00016221490595160384,1877.0
1818,0.00016155703185001825,1878.0
1819,0.0001608956900627715,1879.0
1820,0.00016023097176427937,1880.0
1821,0.00015956296586585323,1881.0
1822,0.00015889175909133575,1882.0
1823,0.00015821743609948646,1883.0
1824,0.00015754007964755427,1884.0
1825,0.0001568597707737515,1885.0
1826,0.00015617658896841031,1886.0
1827,0.00015549061230912532,1887.0
1828,0.00015480191754976743,1888.0
1829,0.00015411058016747697,1889.0
1830,0.00015341667437982414,1890.0
1831,0.0001527202731455104,1891.0
1832,0.0001520214481591967,1892.0
1833,0.00015132026984710878,1893.0
1834,0.00015061680736672971,1894.0
1835,0.0001499111286116286,1895.0
1836,0.00014920330022121964,1896.0
1837,0.00014849338759471577,1897.0
1838,0.00014778145490834498,1898.0
1839,0.0001470675651349635,1899.0
1840,0.00014635178006533735,1900.0
1841,0.00014563416033047926,1901.0
1842,0.00014491476542460933,1902.0
1843,0.00014419365372839543,1903.0
1844,0.00014347106779001492,1904.0
1845,0.00014335436753012162,1905.0
1846,0.00014324125291840086,1906.0
1847,0.00014313137401715317,1907.0
1848,0.00014302458192567942,1908.0
1849,0.00014292073772741333,1909.0
1850,0.00014281970965087566,1910.0
1851,0.00014272137127678964,1911.0
1852,0.00014262560041000295,1912.0
1853,0.00014253227838190342,1913.0
1854,0.00014244128963565057,1914.0
1855,0.00014235252149830634,1915.0
1856,0.00014226586407540856,1916.0
1857,0.00014218121022314064,1917.0
1858,0.00014209845556607958,1918.0
1859,0.0001420174985374196,1919.0
1860,0.00014193824042531297,1920.0
1861,0.00014186058541428844,1921.0
1862,0.00014178444061502385,1922.0
1863,0.00014170971607910796,1923.0
1864,0.00014163632479794003,1924.0
1865,0.00014156418268657992,1925.0
1866,0.00014149320855435764,1926.0
1867,0.00014142332406447507,1927.0
1868,0.000141354453684882,1928.0
1869,0.00014128652463254996,1929.0
1870,0.00014121946681298767,1930.0
1871,0.00014115321275647925,1931.0
1872,0.00014108769755229658,1932.0
1873,0.00014102285878178273,1933.0
1874,0.0001409586364509592,1934.0
1875,0.00014089497292301006,1935.0
1876,0.00014083181285053393,1936.0
1877,0.00014076910310695443,1937.0
1878,0.00014070679271580838,1938.0
1879,0.00014064483277608146,1939.0
1880,0.00014058317638206667,1940.0
1881,0.00014052177853805578,1941.0
1882,0.00014046059607205504,1942.0
1883,0.00014039958755690204,1943.0
1884,0.0001403387132477312,1944.0
1885,0.00014027793503904216,1945.0
1886,0.00014021721643547793,1946.0
1887,0.00014015652252490947,1947.0
1888,0.00014009581994434432,1948.0
1889,0.00014003507683559726,1949.0
1890,0.00013997426279294814,1950.0
1891,0.00013991334880701474,1951.0
1892,0.00013985230720839684,1952.0
1893,0.0001397911116132182,1953.0
1894,0.00013972973687143724,1954.0
1895,0.00013966815901804585,1955.0
1896,0.00013960635522695282,1956.0
1897,0.00013954430376723328,1957.0
1898,0.0001394819839614539,1958.0
1899,0.0001394193761458264,1959.0
1900,0.00013935646163198103,1960.0
1901,0.00013929322267024763,1961.0
1902,0.0001392296424143068,1962.0
1903,0.00013916570488713736,1963.0
1904,0.00013910138837114157,1964.0
1905,0.00013903649439040032,1965.0
1906,0.000138970304385868,1966.0
1907,0.00013890275816777018,1967.0
1908,0.0001388339767572246,1968.0
1909,0.00013876406250326877,1969.0
1910,0.00013869310240018442,1970.0
1911,0.00013862117069694227,1971.0
1912,0.0001385483309720775,1972.0
1913,0.0001384746378013375,1973.0
1914,0.0001384001381124157,1974.0
1915,0.0001383248722971929,1975.0
1916,0.00013824887513447378,1976.0
1917,0.0001381721765633568,1977.0
1918,0.00013809480233782268,1978.0
1919,0.00013801677458594896,1979.0
1920,0.00013793811229179266,1980.0
1921,0.00013785883171378937,1981.0
1922,0.00013777894675038327,1982.0
1923,0.00013769846926112422,1983.0
1924,0.00013761740934961538,1984.0
1925,0.00013753577561328745,1985.0
1926,0.00013745357536393822,1986.0
1927,0.00013737081482222556,1987.0
1928,0.00013728749928881867,1988.0
1929,0.0001372036332945345,1989.0
1930,0.00013711922073153995,1990.0
1931,0.00013703426496755746,1991.0
1932,0.00013694876894483615,1992.0
1933,0.00013686273526559439,1993.0
1934,0.0001367761662654633,1994.0
1935,0.00013668906407642101,1995.0
1936,0.00013660143068049675,1996.0
1937,0.0001365132679554103,1997.0
1938,0.00013642457771300735,1998.0
1939,0.00013633536173105054,1999.0
1940,0.00013624562177847374,2000.0
1941,0.00013615535963402238,2001.0
1942,0.00013606457709844784,2002.0
1943,0.00013597327600152858,2003.0
1944,0.00013588145820666377,2004.0
1945,0.00013578912561637473,2005.0
1946,0.00013569628018060694,2006.0
1947,0.00013560292390713433,2007.0
1948,0.00013550905887167042,2008.0
1949,0.00013541468722546158,2009.0
1950,0.00013531981119959332,2010.0
1951,0.00013522443310633541,2011.0
1952,0.00013512855533846874,2012.0
1953,0.00013503218036739497,2013.0
1954,0.00013493531074062101,2014.0
1955,0.00013483794907897005,2015.0
1956,0.0001347400980736778,2016.0
1957,0.00013464176048346032,2017.0
1958,0.00013454293913157158,2018.0
1959,0.00013444363690288141,2019.0
1960,0.0001343438567409732,2020.0
1961,0.00013424360164525573,2021.0
1962,0.00013414287466810402,2022.0
1963,0.00013404167891203575,2023.0
1964,0.0001339399289806983,2024.0
1965,0.00013384285026109827,2025.0
1966,0.00013376955364275127,2026.0
1967,0.0001337208741898258,2027.0
1968,0.0001336931346735048,2028.0
1969,0.0001336832589810464,2029.0
1970,0.00013368865118684124,2030.0
1971,0.00013370710480768776,2031.0
1972,0.0001337367336459063,2032.0
1973,0.0001337759182843067,2033.0
1974,0.00013382326405585345,2034.0
1975,0.00013387756750315218,2035.0
1976,0.00013393778917108787,2036.0
1977,0.0001340030311649486,2037.0
1978,0.00013407251833353362,2038.0
1979,0.00013414558225081924,2039.0
1980,0.00013422164740140984,2040.0
1981,0.00013430030140436673,2041.0
1982,0.0001346576141288082,2042.0
1983,0.00013497861340412175,2043.0
1984,0.00013526125168336693,2044.0
1985,0.00013551161149266713,2045.0
1986,0.00013573465299014615,2046.0
1987,0.00013593447338431175,2047.0
1988,0.0001361144938920101,2048.0
1989,0.0001362775971297699,2049.0
1990,0.00013642622985368132,2050.0
1991,0.0001365624810229494,2051.0
1992,0.0001366881420162985,2052.0
1993,0.00013680475377494044,2053.0
1994,0.0001369136442701264,2054.0
1995,0.00013701595875039457,2055.0
1996,0.0001371126845617195,2056.0
1997,0.00013720467185782248,2057.0
1998,0.00013729265116797258,2058.0
1999,0.00013737724852739828,2059.0
2000,0.0001374589986768463,2060.0
2001,0.00013753835668735599,2061.0
2002,0.00013761570825524113,2062.0
2003,0.0001376913788358929,2063.0
2004,0.00013776564174063191,2064.0
2005,0.00013783872530180548,2065.0
2006,0.00013791081920501802,2066.0
2007,0.00013798208008006493,2067.0
2008,0.00013805263642821083,2068.0
2009,0.00013812259294780884,2069.0
2010,0.00013819203430951192,2070.0
2011,0.0001382610284285062,2071.0
2012,0.00013832962928133727,2072.0
2013,0.00013839787931562358,2073.0
2014,0.00013846581150042266,2074.0
2015,0.00013853345106279235,2075.0
2016,0.0001386008169526529,2076.0
2017,0.00013866792307403293,2077.0
2018,0.00013873477931650985,2078.0
2019,0.00013880139241646792,2079.0
2020,0.0001388677666739863,2080.0
2021,0.00013893390454757358,2081.0
2022,0.00013899980714585498,2082.0
2023,0.00013906547463249906,2083.0
2024,0.00013913090655829122,2084.0
2025,0.00013919610213211734,2085.0
2026,0.00013926106044083694,2086.0
2027,0.0001393257806264704,2087.0
2028,0.00013939026202780481,2088.0
2029,0.00013945450429237878,2089.0
2030,0.00013951850746389953,2090.0
2031,0.00013958227204928405,2091.0
2032,0.00013964579906886856,2092.0
2033,0.00013970909009274312,2093.0
2034,0.00013977214726570771,2094.0
2035,0.0001398349733228762,2095.0
2036,0.00013989757159771216,2096.0
2037,0.00013995994602388818,2097.0
2038,0.00014002210113220204,2098.0
2039,0.00014008404204352213,2099.0
2040,0.0001401457744586131,2100.0
2041,0.00014020722604224552,2101.0
2042,0.00013958274526727836,2102.0
2043,0.00013895944346510727,2103.0
2044,0.000138337515662053,2104.0
2045,0.00013771519749214477,2105.0
2046,0.0001370911359460708,2106.0
2047,0.00013646427908015307,2107.0
2048,0.00013583380012152112,2108.0
2049,0.0001351990439947265,2109.0
2050,0.00013455948884845344,2110.0
2051,0.00013391471784768524,2111.0
2052,0.0001332643981319401,2112.0
2053,0.00013260826486359258,2113.0
2054,0.00013194610894715178,2114.0
2055,0.00013127776743200326,2115.0
2056,0.00013060311590114455,2116.0
2057,0.00012992206234727945,2117.0
2058,0.00012923454217664125,2118.0
2059,0.00012854051407953137,2119.0
2060,0.00012783995657732867,2120.0
2061,0.00012713286510669674,2121.0
2062,0.00012641924953841577,2122.0
2063,0.0001256991320544529,2123.0
2064,0.0001249725453253824,2124.0
2065,0.00012423953094319753,2125.0
2066,0.00012350013807353052,2126.0
2067,0.0001227544222975458,2127.0
2068,0.00012200244461822616,2128.0
2069,0.00012124427060903695,2129.0
2070,0.00012047996968544016,2130.0
2071,0.00011970961448186996,2131.0
2072,0.00011893328031849092,2132.0
2073,0.00011815104474390052,2133.0
2074,0.00011736298714166109,2134.0
2075,0.00011656918839069423,2135.0
2076,0.00011576973057213287,2136.0
2077,0.00011496469671837363,2137.0
2078,0.00011415417060340938,2138.0
2079,0.00011333823657616887,2139.0
2080,0.00011251697943872602,2140.0
2081,0.00011169048436787531,2141.0
2082,0.00011085883687206606,2142.0
2083,0.00011002212276946663,2143.0
2084,0.00010918042817089168,2144.0
2085,0.00010833383945502063,2145.0
2086,0.00010748244323043834,2146.0
2087,0.00010662632628567336,2147.0
2088,0.00010576557553202052,2148.0
2089,0.00010490027794444857,2149.0
2090,0.00010403052050467885,2150.0
2091,0.00010315639014875122,2151.0
2092,0.00010227797371998294,2152.0
2093,0.00010139551389374188,2153.0
2094,0.00010157015764597718,2154.0
2095,0.00010173121367417957,2155.0
2096,0.00010187732735329824,2156.0
2097,0.00010201130899930044,2157.0
2098,0.0001021355084279365,2158.0
2099,0.00010225190797539164,2159.0
2100,0.00010236219250300169,2160.0
2101,0.00010246780290770672,2161.0
2102,0.0001029659024915544,2162.0
2103,0.00010348595060748568,2163.0
2104,0.00010402978756968392,2164.0
2105,0.00010459525029180106,2165.0
2106,0.00010518063160422784,2166.0
2107,0.00010578456764638525,2167.0
2108,0.00010640595731816916,2168.0
2109,0.00010704390376538811,2169.0
2110,0.0001076976713304862,2170.0
2111,0.00010836665355094183,2171.0
2112,0.00010905034915999032,2172.0
2113,0.00010974834394072046,2173.0
2114,0.00011046029688481817,2174.0
2115,0.0001111859295200473,2175.0
2116,0.000111925017563345,2176.0
2117,0.00011267738427084871,2177.0
2118,0.0001134428950179263,2178.0
2119,0.00011422145276729401,2179.0
2120,0.00011501299418061307,2180.0
2121,0.00011581748620455031,2181.0
2122,0.00011663492301955995,2182.0
2123,0.0001174653232814824,2183.0
2124,0.00011830872761496579,2184.0
2125,0.00011916519633612953,2185.0
2126,0.00012003480739233788,2186.0
2127,0.00012091765451163306,2187.0
2128,0.00012181384555520588,2188.0
2129,0.00012272350106478071,2189.0
2130,0.00012364675299387888,2190.0
2131,0.0001245837436084586,2191.0
2132,0.00012553462453919448,2192.0
2133,0.00012649955596544913,2193.0
2134,0.00012747870591115927,2194.0
2135,0.00012847224963582395,2195.0
2136,0.00012948036910901274,2196.0
2137,0.00013050325256195425,2197.0
2138,0.0001315410941120734,2198.0
2139,0.00013259409345481714,2199.0
2140,0.00013366245561392844,2200.0
2141,0.00013474639074036865,2201.0
2142,0.0001358461139535249,2202.0
2143,0.00013696184522429743,2203.0
2144,0.00013809380930373708,2204.0
2145,0.00013924223570015078,2205.0
2146,0.00014040735870309205,2206.0
2147,0.00014158941744791005,2207.0
2148,0.00014278865601199015,2208.0
2149,0.0001440053235340945,2209.0
2150,0.00014523967434995478,2210.0
2151,0.00014649196813956315,2211.0
2152,0.0001477624700834265,2212.0
2153,0.0001490512641688903,2213.0
2154,0.00014930543948975012,2214.0
2155,0.00014958723183761114,2215.0
2156,0.00014950860862113279,2216.0
2157,0.0001494366932686733,2217.0
2158,0.0001493671257627023,2218.0
2159,0.00014929901560330216,2219.0
2160,0.00014923164109522093,2220.0
2161,0.00014916441084894525,2221.0
2162,0.0001490968353785929,2222.0
2163,0.00014902850593948445,2223.0
2164,0.00014895907863832314,2224.0
2165,0.0001488882624291359,2225.0
2166,0.00014881580999350215,2226.0
2167,0.00014874151076499056,2227.0
2168,0.0001486651855404002,2228.0
2169,0.0001485866822529873,2229.0
2170,0.00014850587258359918,2230.0
2171,0.00014842264916554337,2231.0
2172,0.0001483369232040408,2232.0
2173,0.00014824862238438214,2233.0
2174,0.00014815768898543308,2234.0
2175,0.0001480640781478567,2235.0
2176,0.0001479677562699352,2236.0
2177,0.00014786869951925058,2237.0
2178,0.00014776689245746638,2238.0
2179,0.00014766232677928425,2239.0
2180,0.0001475550001673728,2240.0
2181,0.0001474449152636355,2241.0
2182,0.000147332078754905,2242.0
2183,0.00014721650056856623,2243.0
2184,0.00014709819317125042,2244.0
2185,0.0001469771709616649,2245.0
2186,0.00014685344974716227,2246.0
2187,0.00014672704629271712,2247.0
2188,0.00014659797793100564,2248.0
2189,0.00014646626222346198,2249.0
2190,0.00014633191666500934,2250.0
2191,0.00014619495842942463,2251.0
2192,0.00014605540415735333,2252.0
2193,0.0001459132697929304,2253.0
2194,0.00014576857047572455,2254.0
2195,0.00014562132049075985,2255.0
2196,0.0001454715332715067,2256.0
2197,0.0001453192214420684,2257.0
2198,0.0001451643968795348,2258.0
2199,0.00014500707077801317,2259.0
2200,0.00014484725370149637,2260.0
2201,0.00014468495562025942,2261.0
2202,0.00014452018593177145,2262.0
2203,0.00014435295347054375,2263.0
2204,0.00014418326651211043,2264.0
2205,0.00014401113277547775,2265.0
2206,0.00014383655942697677,2266.0
2207,0.00014365955308704266,2267.0
2208,0.0001434801198405163,2268.0
2209,0.00014329826525036622,2269.0
2210,0.00014311399437445208,2270.0
2211,0.00014292731178480004,2271.0
2212,0.00014273822158883493,2272.0
2213,0.00014254672745208738,2273.0
2214,0.000142352832621933,2274.0
2215,0.00014215673583536646,2275.0
2216,0.00014239013202820583,2276.0
2217,0.0001426268887280096,2277.0
2218,0.0001428669161304297,2278.0
2219,0.00014311025380247616,2279.0
2220,0.00014335691396892404,2280.0
2221,0.00014360688829104617,2281.0
2222,0.00014386015288762335,2282.0
2223,0.0001441166720922957,2283.0
2224,0.00014437640129189133,2284.0
2225,0.0001446392890903186,2285.0
2226,0.00014490527897422715,2286.0
2227,0.0001451743106088083,2287.0
2228,0.0001454463208579153,2288.0
2229,0.00014572124459770352,2289.0
2230,0.00014599901537444505,2290.0
2231,0.0001462795659433121,2291.0
2232,0.00014656282871462756,2292.0
2233,0.0001468487361264611,2293.0
2234,0.00014713722095706743,2294.0
2235,0.00014742821658688017,2295.0
2236,0.00014772165721721857,2296.0
2237,0.0001480174780512629,2297.0
2238,0.00014831561544176997,2298.0
2239,0.00014861600700939866,2299.0
2240,0.0001489185917350562,2300.0
2241,0.00014922331002948608,2301.0
2242,0.00014953010378312057,2302.0
2243,0.00014983891639928074,2303.0
2244,0.00015014969281379364,2304.0
2245,0.0001504623795044025,2305.0
2246,0.00015077692449350576,2306.0
2247,0.00015109327734793242,2307.0
2248,0.00015141138917906826,2308.0
2249,0.00015173121264544092,2309.0
2250,0.0001520527019574799,2310.0
2251,0.00015237581288090547,2311.0
2252,0.00015270050273223098,2312.0
2253,0.00015302673035892713,2313.0
2254,0.0001533544560993694,2314.0
2255,0.00015368364172323255,2315.0
2256,0.00015401425035898182,2316.0
2257,0.0001543462464182952,2317.0
2258,0.00015467959552636795,2318.0
2259,0.00015501426446317825,2319.0
2260,0.00015535022111652693,2320.0
2261,0.00015568743444477237,2321.0
2262,0.0001560258744461069,2322.0
2263,0.0001563655121315015,2323.0
2264,0.00015670631949924764,2324.0
2265,0.0001570482695098835,2325.0
2266,0.0001573913360609292,2326.0
2267,0.0001577354939612961,2327.0
2268,0.00015808071890540908,2328.0
2269,0.00015842698744722713,2329.0
2270,0.0001587742769742982,2330.0
2271,0.00015912256568205655,2331.0
2272,0.00015947183254845659,2332.0
2273,0.00015982205730906608,2333.0
2274,0.00016017322043268973,2334.0
2275,0.0001605254238138622,2335.0
2276,0.00016088229925560494,2336.0
2277,0.00016125754251251385,2337.0
2278,0.00016165267776861906,2338.0
2279,0.0001620652912521656,2339.0
2280,0.00016249331422771155,2340.0
2281,0.00016293496344165666,2341.0
2282,0.0001633886947753198,2342.0
2283,0.00016385316668895262,2343.0
2284,0.00016432721098328683,2344.0
2285,0.00016480980906651902,2345.0
2286,0.0001653000723888333,2346.0
2287,0.00016579722605400735,2347.0
2288,0.00016630059487664434,2348.0
2289,0.0001668095913485398,2349.0
2290,0.00016732370512468118,2350.0
2291,0.0001678424937489566,2351.0
2292,0.00016836557441963468,2352.0
2293,0.0001688926166512954,2353.0
2294,0.0001694233357282852,2354.0
2295,0.00016995748686955705,2355.0
2296,0.00017049486003998545,2356.0
2297,0.00017103527535194238,2357.0
2298,0.0001715785790058051,2358.0
2299,0.00017212463972083266,2359.0
2300,0.00017267334560976496,2360.0
2301,0.0001732246014522118,2361.0
2302,0.00017377832632389982,2362.0
2303,0.00017433445154108073,2363.0
2304,0.00017489291888211727,2364.0
2305,0.00017545367905117507,2365.0
2306,0.00017601669035218119,2366.0
2307,0.00017658191754477628,2367.0
2308,0.00017714933085790854,2368.0
2309,0.00017771890514103764,2369.0
2310,0.0001782906191376632,2370.0
2311,0.00017886445487038836,2371.0
2312,0.00017944039712993072,2372.0
2313,0.00018001843306121197,2373.0
2314,0.00018059855183691709,2374.0
2315,0.0001811807444039833,2375.0
2316,0.00018176500328410844,2376.0
2317,0.00018235132240867718,2377.0
2318,0.00018293969697230544,2378.0
2319,0.000183530123295768,2379.0
2320,0.00018412259869529798,2380.0
2321,0.00018471712135909182,2381.0
2322,0.00018531369023331445,2382.0
2323,0.00018591230491948803,2383.0
2324,0.0001865129655841532,2384.0
2325,0.00018711567288065434,2385.0
2326,0.0001877204278822496,2386.0
2327,0.00018832723202528892,2387.0
2328,0.00018893608706114362,2388.0
2329,0.0001895469950155782,2389.0
2330,0.00019015995815440425,2390.0
2331,0.00019077497895435673,2391.0
2332,0.00019139206007834985,2392.0
2333,0.0001920110864508385,2393.0
2334,0.0001917599952271599,2394.0
2335,0.0001914760365337828,2395.0
2336,0.00019115884994665226,2396.0
2337,0.00019081129090359593,2397.0
2338,0.00019043584923387273,2398.0
2339,0.0001900347002228817,2399.0
2340,0.00018960974683894093,2400.0
2341,0.00018916265522902372,2401.0
2342,0.00018869488500624344,2402.0
2343,0.00018820771542531336,2403.0
2344,0.00018770226823185533,2404.0
2345,0.00018717952774858685,2405.0
2346,0.0001866403586050955,2406.0
2347,0.00018608552141195257,2407.0
2348,0.0001855156866103277,2408.0
2349,0.00018493144668460076,2409.0
2350,0.00018433332689858205,2410.0
2351,0.00018372179469932742,2411.0
2352,0.0001830972679215628,2412.0
2353,0.00018246012191717737,2413.0
2354,0.00018181069572650394,2414.0
2355,0.00018114929740013842,2415.0
2356,0.0001804762085716824,2416.0
2357,0.000179791688373173,2417.0
2358,0.00017909597677626734,2418.0
2359,0.0001783892974341927,2419.0
2360,0.00017767186009239676,2420.0
2361,0.00017694386263051952,2421.0
2362,0.00017620549279466797,2422.0
2363,0.00017545692967655584,2423.0
2364,0.0001746983449922616,2424.0
2365,0.0001739299042055121,2425.0
2366,0.00017315176752626989,2426.0
2367,0.00017236409079748278,2427.0
2368,0.00017156702626839885,2428.0
2369,0.00017076072324815876,2429.0
2370,0.0001699453286394527,2430.0
2371,0.00016912098736244742,2431.0
2372,0.00016828784268721825,2432.0
2373,0.00016744603649528967,2433.0
2374,0.00016659570948856974,2434.0
2375,0.0001657370013597107,2435.0
2376,0.0001648700509336076,2436.0
2377,0.0001639949962865057,2437.0
2378,0.00016311197484697896,2438.0
2379,0.00016222112348169982,2439.0
2380,0.0001613225785680778,2440.0
2381,0.00016041647605547618,2441.0
2382,0.00015950295151636695,2442.0
2383,0.00015858214018858252,2443.0
2384,0.00015765417700975372,2444.0
2385,0.0001567191966448295,2445.0
2386,0.00015577733350750133,2446.0
2387,0.0001548287217762622,2447.0
2388,0.00015387349540575156,2448.0
2389,0.00015291178813392394,2449.0
2390,0.00015194373348557456,2450.0
2391,0.0001509694647726102,2451.0
2392,0.00014998911509149325,2452.0
2393,0.000149003076380005,2453.0
2394,0.00014889975123566677,2454.0
2395,0.0001487971516572744,2455.0
2396,0.00014869496960154963,2456.0
2397,0.00014859349057031937,2457.0
2398,0.00014849293297620417,2458.0
2399,0.0001483934607151991,2459.0
2400,0.00014829519308845948,2460.0
2401,0.0001481982127421005,2461.0
2402,0.0001481025721041401,2462.0
2403,0.00014800829866497557,2463.0
2404,0.00014791539935381245,2464.0
2405,0.0001478238641966668,2465.0
2406,0.00014773366939393212,2466.0
2407,0.00014764477992149503,2467.0
2408,0.0001475571517352837,2468.0
2409,0.00014747073364178192,2469.0
2410,0.00014738546888472582,2470.0
2411,0.00014730129648916882,2471.0
2412,0.0001472181523973883,2472.0
2413,0.0001471359704260472,2473.0
2414,0.00014705468306991455,2474.0
2415,0.00014697422217416233,2475.0
2416,0.00014689451949434552,2476.0
2417,0.0001468155071605489,2477.0
2418,0.00014673711805960558,2478.0
2419,0.00014665928614646613,2479.0
2420,0.00014658194669262242,2480.0
2421,0.00014650503647582484,2481.0
2422,0.00014642849391174211,2482.0
2423,0.00014635225912636445,2483.0
2424,0.00014627627397059408,2484.0
2425,0.00014620048198805573,2485.0
2426,0.00014612482836221405,2486.0
2427,0.00014604925988017647,2487.0
2428,0.00014597372494499334,2488.0
2429,0.00014589817364230742,2489.0
2430,0.00014582255783570974,2490.0
2431,0.00014574683125113095,2491.0
2432,0.00014567094952121988,2492.0
2433,0.00014559487018290493,2493.0
2434,0.00014551855263817846,2494.0
2435,0.00014544195809361115,2495.0
2436,0.00014536504949149725,2496.0
2437,0.0001452877914405628,2497.0
2438,0.000145210150149908,2498.0
2439,0.00014513209336726796,2499.0
2440,0.00014505359032144884,2500.0
2441,0.0001449746116683329,2501.0
2442,0.00014489512943981154,2502.0
2443,0.00014481511699509977,2503.0
2444,0.00014473454897402042,2504.0
2445,0.0001446534012519881,2505.0
2446,0.0001445716508964732,2506.0
2447,0.00014448927612485316,2507.0
2448,0.00014440625626353627,2508.0
2449,0.00014432257170833435,2509.0
2450,0.00014423820388601802,2510.0
2451,0.0001441531352170566,2511.0
2452,0.00014406734907949938,2512.0
2453,0.00014398080041211285,2513.0
2454,0.00014389301984283882,2514.0
2455,0.00014380222696738364,2515.0
2456,0.00014370832602201878,2516.0
2457,0.00014361167874232613,2517.0
2458,0.0001435125893883334,2518.0
2459,0.00014341131479752515,2519.0
2460,0.00014330807233777008,2520.0
2461,0.0001432030462901072,2521.0
2462,0.00014309639304066187,2522.0
2463,0.00014298824535583654,2523.0
2464,0.00014287871594077982,2524.0
2465,0.00014276790042845415,2525.0
2466,0.000142655879908993,2526.0
2467,0.0001425427230821361,2527.0
2468,0.00014242848809624617,2528.0
2469,0.0001423132241235533,2529.0
2470,0.00014219697271127308,2530.0
2471,0.00014207976894090287,2531.0
2472,0.0001419616424226178,2532.0
2473,0.0001418426181474705,2533.0
2474,0.00014172271721692742,2534.0
2475,0.00014160195746661347,2535.0
2476,0.0001414803539990179,2536.0
2477,0.00014135791963802667,2537.0
2478,0.00014123466531661165,2538.0
2479,0.000141110600407511,2539.0
2480,0.00014098573300537576,2540.0
2481,0.00014086007016729692,2541.0
2482,0.0001407336181167745,2542.0
2483,0.0001406063824137539,2543.0
2484,0.00014047836809058943,2544.0
2485,0.00014034957975178722,2545.0
2486,0.00014022002163666157,2546.0
2487,0.00014008969765108865,2547.0
2488,0.000139958611385873,2548.0
2489,0.0001398267661459482,2549.0
2490,0.0001396941650069249,2550.0
2491,0.00013956081089574316,2551.0
2492,0.00013942670667614913,2552.0
2493,0.0001392918552191592,2553.0
2494,0.0001391562594496169,2554.0
2495,0.00013901992237088637,2555.0
2496,0.00013888284707468592,2556.0
2497,0.00013874503674289165,2557.0
2498,0.00013860649464589512,2558.0
2499,0.00013846722414000628,2559.0
2500,0.00013832722866488774,2560.0
2501,0.0001381865117413401,2561.0
2502,0.00013804507696936157,2562.0
2503,0.0001379029280263986,2563.0
2504,0.00013776006866561674,2564.0
2505,0.0001376165027141425,2565.0
2506,0.00013747223407119008,2566.0
2507,0.0001373272667060658,2567.0
2508,0.00013718160465604257,2568.0
2509,0.00013703525202410488,2569.0
2510,0.00013688821297659775,2570.0
2511,0.00013674049174078537,2571.0
2512,0.00013659209260234934,2572.0
2513,0.00013644291553478388,2573.0
2514,0.00013629652536592562,2574.0
2515,0.00013616603484110443,2575.0
2516,0.0001360517802988814,2576.0
2517,0.0001359512154210937,2577.0
2518,0.00013586217389576635,2578.0
2519,0.00013578280704723978,2579.0
2520,0.0001357115340468183,2580.0
2521,0.00013564700153478242,2581.0
2522,0.00013558805038015175,2582.0
2523,0.00013553368793942308,2583.0
2524,0.0001354830646286444,2584.0
2525,0.0001354354539467927,2585.0
2526,0.00013539031342952676,2586.0
2527,0.00013595058124143215,2587.0
2528,0.00013648173311974708,2588.0
2529,0.00013698139576406252,2589.0
2530,0.00013745481027085225,2590.0
2531,0.000137906339751927,2591.0
2532,0.0001383396482502883,2592.0
2533,0.000138757834511878,2593.0
2534,0.00013916353371582965,2594.0
2535,0.00013955899610562064,2595.0
2536,0.00013994614874578062,2596.0
2537,0.00014032664480841142,2597.0
2538,0.00014070190354523323,2598.0
2539,0.0001410731432261269,2599.0
2540,0.00014144140870059424,2600.0
2541,0.00014180759478680881,2601.0
2542,0.0001421724663635106,2602.0
2543,0.00014253667579928938,2603.0
2544,0.00014290077817830253,2604.0
2545,0.00014326524465325922,2605.0
2546,0.00014363047416360888,2606.0
2547,0.00014399680369267114,2607.0
2548,0.00014436451720139598,2608.0
2549,0.00014473385336888242,2609.0
2550,0.00014510501228135814,2610.0
2551,0.0001454781612210109,2611.0
2552,0.00014585343969519913,2612.0
2553,0.00014623096381643033,2613.0
2554,0.0001466108301111905,2614.0
2555,0.000146993118815357,2615.0
2556,0.0001473778967064617,2616.0
2557,0.00014776521952228626,2617.0
2558,0.00014815513401521632,2618.0
2559,0.0001485476796897988,2619.0
2560,0.0001489428902672051,2620.0
2561,0.00014934079491515023,2621.0
2562,0.00014974141927655494,2622.0
2563,0.00015014478632522786,2623.0
2564,0.00015055091707298583,2624.0
2565,0.00015095983114988415,2625.0
2566,0.00015137154727773824,2626.0
2567,0.0001517860836558004,2627.0
2568,0.00015220345827575955,2628.0
2569,0.00015262368918062956,2629.0
2570,0.00015304679467886202,2630.0
2571,0.00015347279352195974,2631.0
2572,0.0001539017050514234,2632.0
2573,0.00015433354931936093,2633.0
2574,0.00015476834718622818,2634.0
2575,0.0001552061203987454,2635.0
2576,0.00015564689165080043,2636.0
2577,0.00015609068462988783,2637.0
2578,0.00015653752405142394,2638.0
2579,0.00015698743568301184,2639.0
2580,0.00015744044636045414,2640.0
2581,0.00015789658399707363,2641.0
2582,0.00015835587758765253,2642.0
2583,0.00015881835720810763,2643.0
2584,0.00015928405401180898,2644.0
2585,0.0001597530002233281,2645.0
2586,0.00016022514995793263,2646.0
2587,0.00016013945646717244,2647.0
2588,0.00016009143324813773,2648.0
2589,0.00015997845868654336,2649.0
2590,0.00015986463641743686,2650.0
2591,0.00015974333693999747,2651.0
2592,0.00015961535165752403,2652.0
2593,0.0001594813309273542,2653.0
2594,0.00015934182176028877,2654.0
2595,0.00015919729392824237,2655.0
2596,0.00015904815819440263,2656.0
2597,0.00015889477910270295,2657.0
2598,0.00015873748397261578,2658.0
2599,0.00015857656924260442,2659.0
2600,0.00015841230497564795,2660.0
2601,0.00015824493811418552,2661.0
2602,0.00015807469490954337,2662.0
2603,0.0001579017828287703,2663.0
2604,0.00015772639214723755,2664.0
2605,0.0001575486973620682,2665.0
2606,0.00015736885850574863,2666.0
2607,0.0001571870223993042,2667.0
2608,0.00015700332385792167,2668.0
2609,0.0001568178868463401,2669.0
2610,0.00015663082557415108,2670.0
2611,0.00015644224551962464,2671.0
2612,0.00015625224437256863,2672.0
2613,0.00015606091289014756,2673.0
2614,0.00015586833566348307,2674.0
2615,0.0001556745917962187,2675.0
2616,0.00015547975549910848,2676.0
2617,0.00015528389660655737,2677.0
2618,0.00015508708102235548,2678.0
2619,0.0001548893711026458,2679.0
2620,0.00015469082598452267,2680.0
2621,0.00015449150186885833,2681.0
2622,0.00015429145226580437,2682.0
2623,0.00015409072821079671,2683.0
2624,0.00015388937845739389,2684.0
2625,0.00015368744965100665,2685.0
2626,0.00015348498648471692,2686.0
2627,0.00015328203183621203,2687.0
2628,0.00015307862688435794,2688.0
2629,0.00015287481120551544,2689.0
2630,0.0001526706228522601,2690.0
2631,0.00015246609841912845,2691.0
2632,0.00015226127310020217,2692.0
2633,0.00015205618074209178,2693.0
2634,0.00015185085389420386,2694.0
2635,0.0001516453238569327,2695.0
2636,0.000151439620727776,2696.0
2637,0.0001512337734452769,2697.0
2638,0.00015102780983077674,2698.0
2639,0.00015082175662801603,2699.0
2640,0.0001506156395407581,2700.0
2641,0.0001504094832685909,2701.0
2642,0.00015020331154108786,2702.0
2643,0.00014999714715047585,2703.0
2644,0.00014979101198295467,2704.0
2645,0.00014958492704877474,2705.0
2646,0.00014937891251115226,2706.0
2647,0.0001491729877141347,2707.0
2648,0.0001489671955538022,2708.0
2649,0.00014885852913501277,2709.0
2650,0.0001487529370632323,2710.0
2651,0.00014865032174660194,2711.0
2652,0.00014855025058111066,2712.0
2653,0.00014845237763712853,2713.0
2654,0.00014835642280356341,2714.0
2655,0.00014826215679097197,2715.0
2656,0.0001481693901616664,2716.0
2657,0.0001480779651816381,2717.0
2658,0.00014798774968270473,2718.0
2659,0.0001478986323765048,2719.0
2660,0.0001478105192286247,2720.0
2661,0.00014772333061362447,2721.0
2662,0.00014763699904932158,2722.0
2663,0.00014755146736368527,2723.0
2664,0.0001474666871875505,2724.0
2665,0.00014738261769548124,2725.0
2666,0.0001472992245388901,2726.0
2667,0.0001472164789313293,2727.0
2668,0.0001471343568573889,2728.0
2669,0.0001470528383847075,2729.0
2670,0.00014697190706411227,2730.0
2671,0.00014689154940652008,2731.0
2672,0.0001468117544275378,2732.0
2673,0.0001467325132521825,2733.0
2674,0.0001466538187730503,2734.0
2675,0.00014657566535594438,2735.0
2676,0.00014649804858744896,2736.0
2677,0.00014642096505941175,2737.0
2678,0.00014634441218570768,2738.0
2679,0.00014626838804707146,2739.0
2680,0.00014619289126021517,2740.0
2681,0.00014611792086784291,2741.0
2682,0.00014604347624653523,2742.0
2683,0.00014596955702983583,2743.0
2684,0.00014589616304418068,2744.0
2685,0.00014582329425559892,2745.0
2686,0.0001457509507254189,2746.0
2687,0.00014567913257357003,2747.0
2688,0.0001456078399484168,2748.0
2689,0.0001455370730023104,2749.0
2690,0.00014546683187218495,2750.0
2691,0.00014539711666444703,2751.0
2692,0.0001453279274433603,2752.0
2693,0.0001452592642221479,2753.0
2694,0.0001451911269561821,2754.0
2695,0.00014512351553783626,2755.0
2696,0.0001450564297926707,2756.0
2697,0.0001449898694767754,2757.0
2698,0.0001449238342750503,2758.0
2699,0.00014485832380032083,2759.0
2700,0.0001447933375931192,2760.0
2701,0.0001447288751220265,2761.0
2702,0.0001446649357844695,2762.0
2703,0.00014460151890788376,2763.0
2704,0.00014453862375115524,2764.0
2705,0.00014447624950628956,2765.0
2706,0.00014441439530025194,2766.0
2707,0.0001443530601969234,2767.0
2708,0.00014429224315483808,2768.0
2709,0.00014423215645996206,2769.0
2710,0.00014417356975923054,2770.0
2711,0.00014411650258664425,2771.0
2712,0.0001440607846104375,2772.0
2713,0.00014400627683062902,2773.0
2714,0.0001439528645212828,2774.0
2715,0.00014390045207407642,2775.0
2716,0.0001438489591641582,2776.0
2717,0.00014379831785197076,2777.0
2718,0.00014374847035784522,2778.0
2719,0.00014369936732665955,2779.0
2720,0.00014365096645390776,2780.0
2721,0.0001436032313813892,2781.0
2722,0.0001435561307965505,2782.0
2723,0.0001435096376877527,2783.0
2724,0.00014346372872077706,2784.0
2725,0.0001434183837113676,2785.0
2726,0.00014337358517525694,2786.0
2727,0.00014332931794198492,2787.0
2728,0.00014328556882219596,2788.0
2729,0.0001432423263204536,2789.0
2730,0.00014319958038727,2790.0
2731,0.00014315732220515788,2791.0
2732,0.00014311554400436854,2792.0
2733,0.00014307423890451648,2793.0
2734,0.0001430334007788135,2794.0
2735,0.00014299302413797266,2795.0
2736,0.00014295310403118625,2796.0
2737,0.00014291363596188257,2797.0
2738,0.00014287461581620166,2798.0
2739,0.00014283603980242711,2799.0
2740,0.00014279790439977356,2800.0
2741,0.00014276020631517046,2801.0
2742,0.00014272294244686848,2802.0
2743,0.00014268610985382972,2803.0
2744,0.00014264970573002453,2804.0
2745,0.00014261372738289077,2805.0
2746,0.00014257817221530962,2806.0
2747,0.00014254303771052675,2807.0
2748,0.00014250832141954892,2808.0
2749,0.00014247402095060677,2809.0
2750,0.0001424401339603471,2810.0
2751,0.00014240665814647865,2811.0
2752,0.00014237359124164806,2812.0
2753,0.0001423409310083798,2813.0
2754,0.00014230867523490112,2814.0
2755,0.00014227682173170432,2815.0
2756,0.0001422453683287477,2816.0
2757,0.0001422143128731586,2817.0
2758,0.00014218365322737062,2818.0
2759,0.0001421533695442265,2819.0
2760,0.00014208825269001189,2820.0
2761,0.00014199607731317268,2821.0
2762,0.00014187567029426534,2822.0
2763,0.00014173130042423616,2823.0
2764,0.0001415665719209929,2824.0
2765,0.0001413845508409966,2825.0
2766,0.00014118786124505718,2826.0
2767,0.00014097875951757762,2827.0
2768,0.00014075920961071066,2828.0
2769,0.0001405363888491452,2829.0
2770,0.00014033186758999816,2830.0
2771,0.00014014795888115297,2831.0
2772,0.00013998165827602677,2832.0
2773,0.00013983048099778505,2833.0
2774,0.00013969234920627112,2834.0
2775,0.00013956550899125918,2835.0
2776,0.00013944846844935832,2836.0
2777,0.00013933995088865692,2837.0
2778,0.00013923885897415493,2838.0
2779,0.00013914424682478905,2839.0
2780,0.0001390552979070215,2840.0
2781,0.00013897130716660874,2841.0
2782,0.000138891666275923,2842.0
2783,0.00013881585119668194,2843.0
2784,0.00013874341149673454,2844.0
2785,0.00013867396103427619,2845.0
2786,0.00013860716974763913,2846.0
2787,0.0001385427563745927,2847.0
2788,0.0001384804819811923,2848.0
2789,0.0001384201442146986,2849.0
2790,0.00013836157221468485,2850.0
2791,0.00013830462212653107,2851.0
2792,0.00013824917316607616,2852.0
2793,0.00013819512418623817,2853.0
2794,0.00013814239069737694,2854.0
2795,0.00013809090229434485,2855.0
2796,0.00013804060044470673,2856.0
2797,0.0001379914365947837,2857.0
2798,0.00013794337055297713,2858.0
2799,0.00013789636911317073,2859.0
2800,0.00013785040488495715,2860.0
2801,0.00013780545530169022,2861.0
2802,0.00013776150178149596,2862.0
2803,0.00013771852902000253,2863.0
2804,0.00013767652439651914,2864.0
2805,0.00013763547747791898,2865.0
2806,0.00013759537960673487,2866.0
2807,0.00013755622356182367,2867.0
2808,0.0001375180032810224,2868.0
2809,0.0001374807136355018,2869.0
2810,0.00013744435024567363,2870.0
2811,0.00013740890932929762,2871.0
2812,0.00013737438757424944,2872.0
2813,0.0001373407820307142,2873.0
2814,0.0001373080900195681,2874.0
2815,0.00013727630905491388,2875.0
2816,0.00013724543677924632,2876.0
2817,0.00013721547090984844,2877.0
2818,0.0001371864091950064,2878.0
2819,0.00013715825846373408,2879.0
2820,0.0001371601975996673,2880.0
2821,0.00013716445284453236,2881.0
2822,0.00013717099340222058,2882.0
2823,0.0001371795755036587,2883.0
2824,0.00013718999483380476,2884.0
2825,0.00013720207763479806,2885.0
2826,0.00013721567426351372,2886.0
2827,0.0001372306544396176,2887.0
2828,0.00013724690368016268,2888.0
2829,0.0001372643205807475,2889.0
2830,0.00013728281470922548,2890.0
2831,0.00013730230494814048,2891.0
2832,0.0001373227181695542,2892.0
2833,0.0001373439881588161,2893.0
2834,0.00013736605472697795,2894.0
2835,0.00013738886296813402,2895.0
2836,0.00013741236262990785,2896.0
2837,0.00013743650757402158,2897.0
2838,0.00013746125531004604,2898.0
2839,0.00013748656658988734,2899.0
2840,0.00013751240505366962,2900.0
2841,0.00013753873691978817,2901.0
2842,0.00013756553071336264,2902.0
2843,0.0001375927570283468,2903.0
2844,0.00013762038831918906,2904.0
2845,0.00013764839871850828,2905.0
2846,0.00013767676387760165,2906.0
2847,0.000137705460826959,2907.0
2848,0.00013773446785424334,2908.0
2849,0.0001377637643974736,2909.0
2850,0.00013779333095140524,2910.0
2851,0.00013782314898532727,2911.0
2852,0.00013785320087071482,2912.0
2853,0.00013788346981738936,2913.0
2854,0.0001379139398170138,2914.0
2855,0.00013794459559292216,2915.0
2856,0.00013797542255540823,2916.0
2857,0.00013800640676172555,2917.0
2858,0.00013803753488013046,2918.0
2859,0.00013806879415733395,2919.0
2860,0.00013810017238884603,2920.0
2861,0.00013813165789173327,2921.0
2862,0.00013816323947948243,2922.0
2863,0.00013819490643875724,2923.0
2864,0.00013822664850791057,2924.0
2865,0.0001382584558571013,2925.0
2866,0.0001382903190698451,2926.0
2867,0.00013832222912582337,2927.0
2868,0.00013835417738477265,2928.0
2869,0.0001383861555713409,2929.0
2870,0.0001384181557607546,2930.0
2871,0.00013845017036525408,2931.0
2872,0.0001384821921212032,2932.0
2873,0.00013851421407680387,2933.0
2874,0.0001385462295803933,2934.0
2875,0.00013857823226926108,2935.0
2876,0.00013861021605894843,2936.0
2877,0.00013864217513301133,2937.0
2878,0.0001386741039332018,2938.0
2879,0.0001387059971268874,2939.0
2880,0.0001387380130871046,2940.0
2881,0.00013877073724433906,2941.0
2882,0.00013880418098493577,2942.0
2883,0.0001388382111704099,2943.0
2884,0.00013887271923395213,2944.0
2885,0.00013890761555068878,2945.0
2886,0.0001389428253509435,2946.0
2887,0.00013897828570063152,2947.0
2888,0.00013901394323343342,2948.0
2889,0.00013904975242092093,2949.0
2890,0.0001390856742330107,2950.0
2891,0.00013912167508489367,2951.0
2892,0.00013915772599656134,2952.0
2893,0.00013919380191172842,2953.0
2894,0.00013922988113767914,2954.0
2895,0.00013926594487806846,2955.0
2896,0.00013930197683835905,2956.0
2897,0.00013933796288908816,2957.0
2898,0.0001393738907761627,2958.0
2899,0.0001394097498702235,2959.0
2900,0.00013944553094907093,2960.0
2901,0.0001394812260085325,2961.0
2902,0.00013951682809808586,2962.0
2903,0.00013955233117816118,2963.0
2904,0.0001395877299964983,2964.0
2905,0.00013962301998127584,2965.0
2906,0.00013965819714891733,2966.0
2907,0.0001396932580247871,2967.0
2908,0.0001397281995750787,2968.0
2909,0.00013976301914844002,2969.0
2910,0.00013979771442599077,2970.0
2911,0.0001398322833785996,2971.0
2912,0.0001398667242303721,2972.0
2913,0.00013990103542746175,2973.0
2914,0.00013993521561140795,2974.0
2915,0.00013996926359634263,2975.0
2916,0.0001400031783494878,2976.0
2917,0.0001400369589744175,2977.0
2918,0.0001400706046966812,2978.0
2919,0.00014010411485143178,2979.0
2920,0.0001401374888727491,2980.0
2921,0.00014017072628441055,2981.0
2922,0.00014020382669193007,2982.0
2923,0.00014023678977561187,2983.0
2924,0.00014026961528453322,2984.0
2925,0.00014030230303124105,2985.0
2926,0.00014033485288708294,2986.0
2927,0.00014036726477807362,2987.0
2928,0.00014039953868120474,2988.0
2929,0.0001404316746211414,2989.0
2930,0.00014046367266726674,2990.0
2931,0.00014049553293100152,2991.0
2932,0.00014052725556336606,2992.0
2933,0.0001405588407527861,2993.0
2934,0.00014059028872304846,2994.0
2935,0.0001406215997314404,2995.0
2936,0.00014065277406703015,2996.0
2937,0.0001406838120490565,2997.0
2938,0.00014071471402545208,2998.0
2939,0.00014074548853370216,2999.0
2940,0.00014078137092612817,3000.0
2941,0.00014084165045332426,3001.0
2942,0.00014092758691114742,3002.0
2943,0.00014092710564085753,3003.0
2944,0.00014091956054965987,3004.0
2945,0.00014090115824902884,3005.0
2946,0.00014087331682770181,3006.0
2947,0.00014083719264824135,3007.0
2948,0.00014079374168665,3008.0
2949,0.00014074376421868216,3009.0
2950,0.00014068793775381114,3010.0
2951,0.00014062684153533974,3011.0
2952,0.00014056097490946446,3012.0
2953,0.00014049077120063903,3013.0
2954,0.00014041660828401244,3014.0
2955,0.00014033881673685067,3015.0
2956,0.0001402576862287899,3016.0
2957,0.0001401734706445487,3017.0
2958,0.00014008639230359297,3018.0
2959,0.0001399966455390866,3019.0
2960,0.00013990439981793464,3020.0
2961,0.00013980980252169533,3021.0
2962,0.0001397129814625253,3022.0
2963,0.00013961404717695566,3023.0
2964,0.00013951309502032157,3024.0
2965,0.00013941020707373953,3025.0
2966,0.00013930545387053677,3026.0
2967,0.00013919889594790857,3027.0
2968,0.00013909058523068376,3028.0
2969,0.00013898056625562141,3029.0
2970,0.00013886887724652745,3030.0
2971,0.0001387555510516854,3031.0
2972,0.00013864061595589397,3032.0
2973,0.00013852409637962485,3033.0
2974,0.00013840601347757202,3034.0
2975,0.0001382863856483569,3035.0
2976,0.00013816522896656014,3036.0
2977,0.00013804255754773907,3037.0
2978,0.00013791838385649526,3038.0
2979,0.00013779271896735266,3039.0
2980,0.0001376655727875552,3040.0
2981,0.00013753695425007217,3041.0
2982,0.00013740687148343885,3042.0
2983,0.00013727533196289106,3043.0
2984,0.00013714234264417045,3044.0
2985,0.00013700791007923617,3045.0
2986,0.00013687204051227982,3046.0
2987,0.00013673473995570525,3047.0
2988,0.00013659601424799875,3048.0
2989,0.00013645586909682772,3049.0
2990,0.0001363143101112366,3050.0
2991,0.00013617134282623898,3051.0
2992,0.00013602697272218262,3052.0
2993,0.00013588120524044277,3053.0
2994,0.00013573404579643943,3054.0
2995,0.00013558549979048365,3055.0
2996,0.00013543557261687557,3056.0
2997,0.00013528426967152475,3057.0
2998,0.00013513159635820298,3058.0
2999,0.0001349775580937191,3059.0
3000,0.00013482216031206117,3060.0
3001,0.0001346654084677218,3061.0
3002,0.00013450734030490146,3062.0
3003,0.00013445064304851896,3063.0
3004,0.00013439391590508684,3064.0
3005,0.00013433715839742,3065.0
3006,0.0001342803478852531,3066.0
3007,0.00013422346861286462,3067.0
3008,0.0001341665097958498,3068.0
3009,0.00013410946428623333,3069.0
3010,0.0001340523276259929,3070.0
3011,0.00013399509736629155,3071.0
3012,0.00013393777257124067,3072.0
3013,0.00013388035345148828,3073.0
3014,0.00013382284109013425,3074.0
3015,0.00013376523723486483,3075.0
3016,0.0001337075441380527,3076.0
3017,0.00013364976443191,3077.0
3018,0.00013359190102966873,3078.0
3019,0.00013353395704635796,3079.0
3020,0.00013347593573478748,3080.0
3021,0.00013341784043354121,3081.0
3022,0.0001333596745247453,3082.0
3023,0.00013330144139993836,3083.0
3024,0.00013324314443277985,3084.0
3025,0.00013318478695748803,3085.0
3026,0.0001331263722521727,3086.0
3027,0.00013306790352624572,3087.0
3028,0.00013300938391122712,3088.0
3029,0.0001329508164543583,3089.0
3030,0.00013289220411446298,3090.0
3031,0.000132833549759605,3091.0
3032,0.0001327748561662112,3092.0
3033,0.0001327161260192422,3093.0
3034,0.00013265736191321777,3094.0
3035,0.00013259856635385717,3095.0
3036,0.00013253974176017126,3096.0
3037,0.00013248089046685412,3097.0
3038,0.0001324220147268994,3098.0
3039,0.00013236311671432333,3099.0
3040,0.00013230419852695957,3100.0
3041,0.00013224526218922985,3101.0
3042,0.00013218630965486947,3102.0
3043,0.0001321273428095413,3103.0
3044,0.00013206836347336292,3104.0
3045,0.000132009373403341,3105.0
3046,0.0001319503742957474,3106.0
3047,0.00013189136778844475,3107.0
3048,0.00013183235546315026,3108.0
3049,0.0001317733388476069,3109.0
3050,0.00013171431941769282,3110.0
3051,0.00013165529859939773,3111.0
3052,0.0001315962777707146,3112.0
3053,0.00013153725826344477,3113.0
3054,0.00013147824136490452,3114.0
3055,0.00013141922831956014,3115.0
3056,0.00013136022033059848,3116.0
3057,0.00013130121856140653,3117.0
3058,0.0001312422241370153,3118.0
3059,0.00013118323814545864,3119.0
3060,0.00013112426163910715,3120.0
3061,0.0001310652956359011,3121.0
3062,0.00013100634111144015,3122.0
3063,0.0001309474090532253,3123.0
3064,0.00013088853202416155,3124.0
3065,0.0001308297031857533,3125.0
3066,0.00013077090972422092,3126.0
3067,0.0001307121428114403,3127.0
3068,0.00013065339642794976,3128.0
3069,0.00013059466655491103,3129.0
3070,0.0001305359506111767,3130.0
3071,0.00013047724705608177,3131.0
3072,0.0001304185551059092,3132.0
3073,0.00013035987452925642,3133.0
3074,0.0001303012054976963,3134.0
3075,0.00013024254847547264,3135.0
3076,0.00013018390413693597,3136.0
3077,0.00013012527330390618,3137.0
3078,0.00013006665689750644,3138.0
3079,0.00013000805590075338,3139.0
3080,0.00012994947132929905,3140.0
3081,0.0001298909042085838,3141.0
3082,0.00012983235555614602,3142.0
3083,0.00012977382636813938,3143.0
3084,0.00012971531760941005,3144.0
3085,0.0001296568302064719,3145.0
3086,0.00012959836504292135,3146.0
3087,0.00012953992295681289,3147.0
3088,0.0001294815047395878,3148.0
3089,0.000129423111136215,3149.0
3090,0.00012936474284623304,3150.0
3091,0.00012930640052544483,3151.0
3092,0.00012924808478803157,3152.0
3093,0.00012918979620893883,3153.0
3094,0.00012913153532640912,3154.0
3095,0.00012907330264454652,3155.0
3096,0.00012901509863584462,3156.0
3097,0.00012895692374364327,3157.0
3098,0.00012889877838447543,3158.0
3099,0.00012884066295026784,3159.0
3100,0.00012878257781039545,3160.0
3101,0.00012872452331356385,3161.0
3102,0.00012866649978949366,3162.0
3103,0.00012860850755041185,3163.0
3104,0.00012855054689238867,3164.0
3105,0.0001284926180965132,3165.0
3106,0.00012843472143000785,3166.0
3107,0.00012837685714726235,3167.0
3108,0.00012831902549080082,3168.0
3109,0.00012826122669217982,3169.0
3110,0.00012820346097277728,3170.0
3111,0.0001281457285445225,3171.0
3112,0.00012808802961052676,3172.0
3113,0.00012803036436565059,3173.0
3114,0.00012797273299700352,3174.0
3115,0.00012791513568440066,3175.0
3116,0.0001278575726007712,3176.0
3117,0.00012780004391253088,3177.0
3118,0.00012774254977991644,3178.0
3119,0.00012768509035729236,3179.0
3120,0.0001276276657934339,3180.0
3121,0.00012757029922538598,3181.0
3122,0.00012769461017932292,3182.0
3123,0.00012780677380283122,3183.0
3124,0.0001279224585050157,3184.0
3125,0.0001280454132431525,3185.0
3126,0.0001281747789840358,3186.0
3127,0.00012830985333975916,3187.0
3128,0.0001284500527516147,3188.0
3129,0.00012859488520292636,3189.0
3130,0.00012874393028739208,3190.0
3131,0.00012889682451313432,3191.0
3132,0.0001290532503904082,3192.0
3133,0.00012921292828238967,3193.0
3134,0.00012937561028319677,3194.0
3135,0.0001295410755804168,3195.0
3136,0.00012970912689545686,3196.0
3137,0.00012987958769518774,3197.0
3138,0.00013005229994569217,3198.0
3139,0.0001302271222406232,3199.0
3140,0.0001304039281861292,3200.0
3141,0.00013058260496356342,3201.0
3142,0.00013076305202096495,3202.0
3143,0.00013094517986562924,3203.0
3144,0.00013112890894423395,3204.0
3145,0.00013131416860529238,3205.0
3146,0.00013150089614277153,3206.0
3147,0.00013168903592096736,3207.0
3148,0.00013187853858037747,3208.0
3149,0.0001320693603232017,3209.0
3150,0.00013226146227570253,3210.0
3151,0.000132454809923638,3211.0
3152,0.00013264937261602485,3212.0
3153,0.00013284512313198855,3213.0
3154,0.0001330420373050137,3214.0
3155,0.00013324009369875158,3215.0
3156,0.00013343927332802924,3216.0
3157,0.00013363955941828756,3217.0
3158,0.00013384093719607634,3218.0
3159,0.00013404339370302895,3219.0
3160,0.000134246917626313,3220.0
3161,0.00013445149914030806,3221.0
3162,0.0001346571297570034,3222.0
3163,0.00013486380218562198,3223.0
3164,0.0001350715102042674,3224.0
3165,0.00013528024854746654,3225.0
3166,0.0001354900128122462,3226.0
3167,0.00013570079938316702,3227.0
3168,0.0001359126053739423,3228.0
3169,0.0001361254285819542,3229.0
3170,0.00013633926745158965,3230.0
3171,0.0001365541210432507,3231.0
3172,0.00013676998900580712,3232.0
3173,0.00013698687155126312,3233.0
3174,0.00013720476943096128,3234.0
3175,0.00013742368391304234,3235.0
3176,0.00013764361676102914,3236.0
3177,0.0001378645702135057,3237.0
3178,0.00013808654696487153,3238.0
3179,0.00013830955014712516,3239.0
3180,0.00013853358331264283,3240.0
3181,0.00013875858929291603,3241.0
3182,0.00013879719602056406,3242.0
3183,0.00013883401430837594,3243.0
3184,0.0001388691139259974,3244.0
3185,0.0001389026426245143,3245.0
3186,0.00013893472906145656,3246.0
3187,0.00013896548687668275,3247.0
3188,0.00013899501765779866,3248.0
3189,0.00013902341313590065,3249.0
3190,0.00013905075683923987,3250.0
3191,0.00013907712535971112,3251.0
3192,0.0001391025893395211,3252.0
3193,0.0001391272142533823,3253.0
3194,0.0001391510610396879,3254.0
3195,0.0001391741866187877,3255.0
3196,0.0001391966443255435,3256.0
3197,0.00013921848427560902,3257.0
3198,0.00013923975367930997,3258.0
3199,0.00013926049711308701,3259.0
3200,0.00013928075675574236,3260.0
3201,0.0001393005725949375,3261.0
3202,0.0001393199826081243,3262.0
3203,0.00013933902292136212,3263.0
3204,0.00013935772794884294,3264.0
3205,0.0001393761305156422,3265.0
3206,0.0001393942619658633,3266.0
3207,0.00013941215225813833,3267.0
3208,0.00013942983005020494,3268.0
3209,0.00013944732277403846,3269.0
3210,0.00013946465670290983,3270.0
3211,0.00013948185701153233,3271.0
3212,0.00013949894783031247,3272.0
3213,0.0001395159522946337,3273.0
3214,0.00013953289259010772,3274.0
3215,0.00013954978999454153,3275.0
3216,0.00013956666491755,3276.0
3217,0.00013958353693842377,3277.0
3218,0.00013960042484266537,3278.0
3219,0.00013961734665703167,3279.0
3220,0.00013963431968228357,3280.0
3221,0.0001396513605226137,3281.0
3222,0.0001396684851111039,3282.0
3223,0.0001396857087315852,3283.0
3224,0.00013970304603826,3284.0
3225,0.0001397205110745338,3285.0
3226,0.00013973811729213852,3286.0
3227,0.00013975587757081312,3287.0
3228,0.00013977380423835006,3288.0
3229,0.00013979190909053604,3289.0
3230,0.00013981020341068492,3290.0
3231,0.0001398286979884965,3291.0
3232,0.00013984740313816458,3292.0
3233,0.00013986632871570672,3293.0
3234,0.0001398854841355576,3294.0
3235,0.00013990487838644916,3295.0
3236,0.00013992452004665047,3296.0
3237,0.0001399444172986267,3297.0
3238,0.00013996457794310688,3298.0
3239,0.00013998500941266463,3299.0
3240,0.00014000571878478664,3300.0
3241,0.00014002671384189314,3301.0
3242,0.00014004794355086764,3302.0
3243,0.0001400692161734225,3303.0
3244,0.00014009054418758187,3304.0
3245,0.00014011198575389892,3305.0
3246,0.00014013358710354096,3306.0
3247,0.00014015538547448994,3307.0
3248,0.00014017741121035836,3308.0
3249,0.00014019968928518037,3309.0
3250,0.00014022224042827496,3310.0
3251,0.00014024508196658914,3311.0
3252,0.00014026822846518387,3312.0
3253,0.0001402916922219651,3313.0
3254,0.00014031548365612623,3314.0
3255,0.00014033961161810928,3315.0
3256,0.0001403640836408839,3316.0
3257,0.0001403889061464428,3317.0
3258,0.0001404140846173704,3318.0
3259,0.00014043962374048945,3319.0
3260,0.0001404655275276923,3320.0
3261,0.00014049179941767945,3321.0
3262,0.00014051844236156403,3322.0
3263,0.00014054545889470352,3323.0
3264,0.0001405728511967666,3324.0
3265,0.00014060062114175836,3325.0
3266,0.00014062877033952314,3326.0
3267,0.00014065730017009405,3327.0
3268,0.00014068621181200094,3328.0
3269,0.0001407155062656203,3329.0
3270,0.00014074518437239998,3330.0
3271,0.00014077524683070623,3331.0
3272,0.00014080569420892874,3332.0
3273,0.00014083652695637586,3333.0
3274,0.00014086774541237463,3334.0
3275,0.0001408993498140032,3335.0
3276,0.00014093134030273622,3336.0
3277,0.0001409637169303025,3337.0
3278,0.00014099647966399023,3338.0
3279,0.00014102962839148298,3339.0
3280,0.0001410631629252847,3340.0
3281,0.00014109708300660993,3341.0
3282,0.00014113138830869072,3342.0
3283,0.00014116603358166276,3343.0
3284,0.00014112568153400122,3344.0
3285,0.00014105967359530713,3345.0
3286,0.00014096691635104525,3346.0
3287,0.0001408514038326203,3347.0
3288,0.00014071652090116358,3348.0
3289,0.0001405651599456949,3349.0
3290,0.00014039980938408093,3350.0
3291,0.00014022262182884762,3351.0
3292,0.0001400354673651263,3352.0
3293,0.00013983997579255716,3353.0
3294,0.00013963757060369943,3354.0
3295,0.00013942949672381068,3355.0
3296,0.00013921684350622638,3356.0
3297,0.00013900056409175786,3357.0
3298,0.00013878149195399022,3358.0
3299,0.00013856035523589178,3359.0
3300,0.00013833778931899335,3360.0
3301,0.00013811438494592903,3361.0
3302,0.0001378952505246635,3362.0
3303,0.00013769780593030927,3363.0
3304,0.00013752345048105805,3364.0
3305,0.00013736909319022196,3365.0
3306,0.0001372321461285402,3366.0
3307,0.00013711042446519993,3367.0
3308,0.00013700207127783447,3368.0
3309,0.0001369055001392872,3369.0
3310,0.00013681935061353416,3370.0
3311,0.00013674245321551598,3371.0
3312,0.00013667380136420888,3372.0
3313,0.00013661252854205624,3373.0
3314,0.00013655788936374854,3374.0
3315,0.00013650924361472105,3375.0
3316,0.0001364660425830606,3376.0
3317,0.00013642781720261623,3377.0
3318,0.00013639416766672956,3378.0
3319,0.00013636475427256345,3379.0
3320,0.0001363392893252073,3380.0
3321,0.00013631752997613926,3381.0
3322,0.0001362992718988382,3382.0
3323,0.00013628434372125661,3383.0
3324,0.0001362726021448297,3384.0
3325,0.0001362639276857594,3385.0
3326,0.0001362582209782902,3386.0
3327,0.0001362553995825902,3387.0
3328,0.00013625539524219097,3388.0
3329,0.0001362581515383164,3389.0
3330,0.00013626362189161047,3390.0
3331,0.00013627176786533372,3391.0
3332,0.00013628255772845686,3392.0
3333,0.00013629596524152642,3393.0
3334,0.00013631196863262766,3394.0
3335,0.00013633054973522811,3395.0
3336,0.00013635169326387786,3396.0
3337,0.00013637538620796263,3397.0
3338,0.00013640161732757358,3398.0
3339,0.00013643037673884552,3399.0
3340,0.00013646165557805193,3400.0
3341,0.00013649544573395998,3401.0
3342,0.00013653173963681803,3402.0
3343,0.0001365705572308139,3403.0
3344,0.00013668090335844116,3404.0
3345,0.0001367954773280648,3405.0
3346,0.00013691414943897362,3406.0
3347,0.00013703659330249656,3407.0
3348,0.00013716252231431812,3408.0
3349,0.00013729168137908778,3409.0
3350,0.00013742384088789104,3410.0
3351,0.00013755879224933935,3411.0
3352,0.00013769634451317767,3412.0
3353,0.0001378363217754626,3413.0
3354,0.00013797856115106588,3414.0
3355,0.00013812291116334238,3415.0
3356,0.0001382692304438692,3416.0
3357,0.00013841738666504612,3417.0
3358,0.00013856725564936887,3418.0
3359,0.00013871872061424085,3419.0
3360,0.0001388716715222174,3420.0
3361,0.00013902600451466828,3421.0
3362,0.00013918162141275005,3422.0
3363,0.0001393384292739593,3423.0
3364,0.00013949633999556102,3424.0
3365,0.00013965526995845604,3425.0
3366,0.00013981513970645894,3426.0
3367,0.00013997587365697129,3427.0
3368,0.0001401373998397431,3428.0
3369,0.00014029964966075678,3429.0
3370,0.00014046255768870123,3430.0
3371,0.00014062606146163348,3431.0
3372,0.00014079010131169036,3432.0
3373,0.0001409546202058705,3433.0
3374,0.00014111956360109913,3434.0
3375,0.0001412848793119853,3435.0
3376,0.00014145051738980103,3436.0
3377,0.00014161643001154355,3437.0
3378,0.0001417825713779585,3438.0
3379,0.00014194889761978281,3439.0
3380,0.00014211536671148114,3440.0
3381,0.000142281938391807,3441.0
3382,0.0001424485740904283,3442.0
3383,0.00014261523685952168,3443.0
3384,0.00014278189130896034,3444.0
3385,0.0001429485035438787,3445.0
3386,0.00014311504110391482,3446.0
3387,0.00014328147290430896,3447.0
3388,0.00014344776917954625,3448.0
3389,0.00014361390143024274,3449.0
3390,0.00014377984237346592,3450.0
3391,0.00014394556589632858,3451.0
3392,0.00014411104701233957,3452.0
3393,0.00014427626182001826,3453.0
3394,0.00014444118746345777,3454.0
3395,0.00014460580209446055,3455.0
3396,0.00014477008483616415,3456.0
3397,0.00014493401574799516,3457.0
3398,0.00014509757579192318,3458.0
3399,0.00014526074679991884,3459.0
3400,0.00014542351144259576,3460.0
3401,0.00014558585319896783,3461.0
3402,0.00014574775632731726,3462.0
3403,0.00014590920655078144,3463.0
3404,0.00014607035446587163,3464.0
3405,0.00014623178753675914,3465.0
3406,0.00014639351510367616,3466.0
3407,0.0001465553993025694,3467.0
3408,0.00014671732627797744,3468.0
3409,0.0001468792007900421,3469.0
3410,0.00014704094229146678,3470.0
3411,0.0001472024820227808,3471.0
3412,0.00014736376082639656,3472.0
3413,0.0001475247274762481,3473.0
3414,0.0001476853373824936,3474.0
3415,0.00014784555157215039,3475.0
3416,0.00014800533587491722,3476.0
3417,0.00014816466026293024,3477.0
3418,0.00014832349830714683,3478.0
3419,0.00014848182672300196,3479.0
3420,0.00014863962498537468,3480.0
3421,0.0001487968749982092,3481.0
3422,0.00014895356080817435,3482.0
3423,0.00014910966835453748,3483.0
3424,0.0001492651852495535,3484.0
3425,0.0001494201005850495,3485.0
3426,0.00014957440476191946,3486.0
3427,0.00014972808933983654,3487.0
3428,0.00014988114690494674,3488.0
3429,0.0001500335709536134,3489.0
3430,0.00015018535579046385,3490.0
3431,0.00015033649643910802,3491.0
3432,0.00015048698856415967,3492.0
3433,0.0001506368284031278,3493.0
3434,0.00015078601270702993,3494.0
3435,0.00015093453868858506,3495.0
3436,0.0001510824039770624,3496.0
3437,0.00015122960657882228,3497.0
3438,0.0001513761448428655,3498.0
3439,0.00015152201743068574,3499.0
3440,0.0001516672232898832,3500.0
3441,0.00015181176163106305,3501.0
3442,0.0001519556319075969,3502.0
3443,0.00015209883379786455,3503.0
3444,0.0001522413671895643,3504.0
3445,0.00015238323216564613,3505.0
3446,0.00015252442899151572,3506.0
3447,0.00015266495810323602,3507.0
3448,0.00015280482009664292,3508.0
3449,0.00015294401571737398,3509.0
3450,0.00015308254585182036,3510.0
3451,0.00015322041151892096,3511.0
3452,0.0001533576138627511,3512.0
3453,0.00015349415414576883,3513.0
3454,0.00015363003374256745,3514.0
3455,0.00015376525413412294,3515.0
3456,0.0001538998169023987,3516.0
3457,0.00015403372372531636,3517.0
3458,0.00015416697637197797,3518.0
3459,0.00015429957669819264,3519.0
3460,0.00015443152664221965,3520.0
3461,0.00015456282822075404,3521.0
3462,0.00015469348352507514,3522.0
3463,0.0001548235114678114,3523.0
3464,0.00015495834652040155,3524.0
3465,0.00015511805665418364,3525.0
3466,0.00015530407738740637,3526.0
3467,0.00015551272774881662,3527.0
3468,0.00015574092900356472,3528.0
3469,0.00015598608066068066,3529.0
3470,0.0001562459678721667,3530.0
3471,0.00015651869125946993,3531.0
3472,0.00015680261300755037,3532.0
3473,0.00015709631490400282,3533.0
3474,0.00015739856523258665,3534.0
3475,0.0001577082922761218,3535.0
3476,0.00015802456277834556,3536.0
3477,0.00015834656414331005,3537.0
3478,0.00015867358946758023,3538.0
3479,0.00015900502473934194,3539.0
3480,0.00015934033772014607,3540.0
3481,0.0001596790681632033,3541.0
3482,0.0001600208191253952,3542.0
3483,0.0001603652492050759,3543.0
3484,0.00016071206558954066,3544.0
3485,0.00016106101782978137,3545.0
3486,0.0001614118756497998,3546.0
3487,0.0001615805107324585,3547.0
3488,0.0001617194258840155,3548.0
3489,0.00016182697599985117,3549.0
3490,0.0001619070682707796,3550.0
3491,0.00016196300874323465,3551.0
3492,0.00016199761695684045,3552.0
3493,0.0001620133128192224,3553.0
3494,0.00016201218344898575,3554.0
3495,0.0001619960353766532,3555.0
3496,0.0001619664359330408,3556.0
3497,0.00016192474658905913,3557.0
3498,0.00016187215026497863,3558.0
3499,0.00016180967409170345,3559.0
3500,0.00016173820871320736,3560.0
3501,0.00016165852492511413,3561.0
3502,0.0001615712882224799,3562.0
3503,0.0001614770716632361,3563.0
3504,0.00016137636733042348,3564.0
3505,0.0001612695965881267,3565.0
3506,0.00016115711926551756,3566.0
3507,0.00016103924186535928,3567.0
3508,0.0001609162248721416,3568.0
3509,0.00016078828922563526,3569.0
3510,0.00016065562202294156,3570.0
3511,0.00016051838151233446,3571.0
3512,0.0001603767014425877,3572.0
3513,0.0001602306948310447,3573.0
3514,0.0001600804572120869,3574.0
3515,0.00015992606942492367,3575.0
3516,0.00015976759999587506,3576.0
3517,0.00015960510716618746,3577.0
3518,0.0001594386406115914,3578.0
3519,0.00015926824289515964,3579.0
3520,0.0001590939506904006,3580.0
3521,0.00015891579580740333,3581.0
3522,0.00015873380605141928,3582.0
3523,0.00015854800594063403,3583.0
3524,0.00015835841730821578,3584.0
3525,0.00015816505981180543,3585.0
3526,0.00015796795137071557,3586.0
3527,0.000157767108545833,3587.0
3528,0.0001575625468700228,3588.0
3529,0.0001573542811306874,3589.0
3530,0.00015714232560375049,3590.0
3531,0.0001569266942402438,3591.0
3532,0.00015670740081047803,3592.0
3533,0.00015648445901362065,3593.0
3534,0.0001562578825607721,3594.0
3535,0.00015602768523861166,3595.0
3536,0.0001557938809588193,3596.0
3537,0.000155556483796745,3597.0
3538,0.00015531550802178835,3598.0
3539,0.00015507096812109912,3599.0
3540,0.00015482287881773775,3600.0
3541,0.0001545712550842333,3601.0
3542,0.00015431611215224942,3602.0
3543,0.00015405746551894032,3603.0
3544,0.00015379533095058305,3604.0
3545,0.00015352972448388707,3605.0
3546,0.00015326072295777351,3606.0
3547,0.00015316590542145263,3607.0
3548,0.00015306964669954627,3608.0
3549,0.00015297197976526562,3609.0
3550,0.00015287297894230566,3610.0
3551,0.00015277271528047222,3611.0
3552,0.00015267125643253455,3612.0
3553,0.000152568666675918,3613.0
3554,0.00015246500701252596,3614.0
3555,0.00015236033530839117,3615.0
3556,0.00015225470645111733,3616.0
3557,0.00015214817251244187,3617.0
3558,0.00015204078290875181,3618.0
3559,0.00015193258455566182,3619.0
3560,0.00015182362201469733,3620.0
3561,0.0001517139376313207,3621.0
3562,0.00015160357166430998,3622.0
3563,0.00015149256240679714,3623.0
3564,0.00015138094629962715,3624.0
3565,0.00015126875803762448,3625.0
3566,0.0001511560306693934,3626.0
3567,0.00015104279569116147,3627.0
3568,0.0001509290831350864,3628.0
3569,0.0001508149216523165,3629.0
3570,0.00015070033859104594,3630.0
3571,0.0001505853600697679,3631.0
3572,0.00015047001104588075,3632.0
3573,0.0001503543153798299,3633.0
3574,0.00015023829589496952,3634.0
3575,0.00015012197443332062,3635.0
3576,0.00015000537190753405,3636.0
3577,0.000149888508349168,3637.0
3578,0.00014977140295363887,3638.0
3579,0.00014965407412200564,3639.0
3580,0.00014953653949982383,3640.0
3581,0.0001494188160132286,3641.0
3582,0.00014930091990235042,3642.0
3583,0.00014918286675217308,3643.0
3584,0.00014906467152089948,3644.0
3585,0.00014894634856607846,3645.0
3586,0.00014882791166899307,3646.0
3587,0.00014870937405798125,3647.0
3588,0.00014859074843131674,3648.0
3589,0.00014847204697985577,3649.0
3590,0.00014835328140908055,3650.0
3591,0.00014823446296004044,3651.0
3592,0.00014811560242880588,3652.0
3593,0.00014799671018434548,3653.0
3594,0.00014787779618509502,3654.0
3595,0.0001477588699944432,3655.0
3596,0.0001476399407953879,3656.0
3597,0.00014752101740453456,3657.0
3598,0.00014740210828551102,3658.0
3599,0.0001472832215618571,3659.0
3600,0.00014716436502945052,3660.0
3601,0.00014704554616841903,3661.0
3602,0.00014692677215464615,3662.0
3603,0.00014680804987083972,3663.0
3604,0.00014668938591714322,3664.0
3605,0.00014657078662138888,3665.0
3606,0.00014645225769478482,3666.0
3607,0.00014633376244575883,3667.0
3608,0.00014621514386056498,3668.0
3609,0.00014609638841040455,3669.0
3610,0.00014597752553593718,3670.0
3611,0.0001458585824380551,3671.0
3612,0.00014573958408167098,3672.0
3613,0.0001456205532875388,3673.0
3614,0.00014550151086540272,3674.0
3615,0.0001453824757629352,3675.0
3616,0.00014526346521652315,3676.0
3617,0.0001451444948966727,3677.0
3618,0.00014502557904446154,3678.0
3619,0.00014490673059756187,3679.0
3620,0.00014478796130563062,3680.0
3621,0.00014466928183544706,3681.0
3622,0.00014455070186656464,3682.0
3623,0.0001444322301784355,3683.0
3624,0.0001443138747299434,3684.0
3625,0.00014419564273224932,3685.0
3626,0.0001440775407157072,3686.0
3627,0.0001439595745915049,3687.0
3628,0.00014384174970848788,3688.0
3629,0.0001437240709055243,3689.0
3630,0.0001436065425596915,3690.0
3631,0.0001434891686305189,3691.0
3632,0.00014337195270041158,3692.0
3633,0.0001432550003323845,3693.0
3634,0.0001431645371396677,3694.0
3635,0.0001430571384632919,3695.0
3636,0.0001429318934535724,3696.0
3637,0.0001427913082764056,3697.0
3638,0.00014263752752470606,3698.0
3639,0.0001424723955983306,3699.0
3640,0.00014229750469969016,3700.0
3641,0.00014211423289181455,3701.0
3642,0.0001419237747083636,3702.0
3643,0.0001417271661383234,3703.0
3644,0.00014152530533184912,3704.0
3645,0.00014131897002605617,3705.0
3646,0.0001411088324310335,3706.0
3647,0.0001408954721228415,3707.0
3648,0.0001406793873454766,3708.0
3649,0.00014046100501485966,3709.0
3650,0.0001402406896353935,3710.0
3651,0.0001400187512769523,3711.0
3652,0.00013979545271519607,3712.0
3653,0.00013957101580906145,3713.0
3654,0.00013934562717340398,3714.0
3655,0.0001391194431979578,3715.0
3656,0.00013889259446212042,3716.0
3657,0.00013866518959521892,3717.0
3658,0.0001384373186325004,3718.0
3659,0.00013820905591683592,3719.0
3660,0.00013798046259490303,3720.0
3661,0.00013775158875457523,3721.0
3662,0.00013752247524720243,3722.0
3663,0.0001372931552350563,3723.0
3664,0.00013706365550049244,3724.0
3665,0.00013683399754952006,3725.0
3666,0.0001366041600878394,3726.0
3667,0.0001363789612042036,3727.0
3668,0.00013617598950129532,3728.0
3669,0.00013599607944301197,3729.0
3670,0.00013583576378819827,3730.0
3671,0.00013569214252288293,3731.0
3672,0.00013556276820135793,3732.0
3673,0.00013544555992177666,3733.0
3674,0.00013533873780182117,3734.0
3675,0.00013524077234030698,3735.0
3676,0.0001351503447135326,3736.0
3677,0.000135066315180203,3737.0
3678,0.0001349876975478586,3738.0
3679,0.00013491363820556035,3739.0
3680,0.00013484339862631416,3740.0
3681,0.00013477634053611675,3741.0
3682,0.000134711913164722,3742.0
3683,0.0001346496421560389,3743.0
3684,0.00013458911983610917,3744.0
3685,0.00013452999662325374,3745.0
3686,0.00013447197342530463,3746.0
3687,0.000134414794908922,3747.0
3688,0.00013435824355141667,3748.0
3689,0.00013430213440069908,3749.0
3690,0.00013424631047754718,3750.0
3691,0.00013419063875940395,3751.0
3692,0.00013413500668819575,3752.0
3693,0.00013407925513728142,3753.0
3694,0.00013399437434680355,3754.0
3695,0.00013390720874196819,3755.0
3696,0.000133817695138949,3756.0
3697,0.00013372613139491673,3757.0
3698,0.0001336327711756535,3758.0
3699,0.00013353783254947568,3759.0
3700,0.0001334415044752147,3760.0
3701,0.00013334395178240396,3761.0
3702,0.00013324531905753898,3762.0
3703,0.00013314573372707455,3763.0
3704,0.0001330453085439047,3764.0
3705,0.00013294414362535184,3765.0
3706,0.00013284232814917183,3766.0
3707,0.0001327399417841186,3767.0
3708,0.00013263705591016914,3768.0
3709,0.00013253373466822903,3769.0
3710,0.00013243003586830302,3770.0
3711,0.0001323260117777923,3771.0
3712,0.0001322217098066009,3772.0
3713,0.00013211717310241105,3773.0
3714,0.00013201244106739765,3774.0
3715,0.00013190754980601404,3775.0
3716,0.00013180253251245536,3776.0
3717,0.0001316974198054462,3777.0
3718,0.00013159224001721873,3778.0
3719,0.00013148701944281513,3779.0
3720,0.00013138178255513882,3780.0
3721,0.0001312765521905512,3781.0
3722,0.00013117134970919603,3782.0
3723,0.00013106619513373203,3783.0
3724,0.00013096110726955895,3784.0
3725,0.0001308561038092671,3785.0
3726,0.00013075120142359267,3786.0
3727,0.00013064641584077387,3787.0
3728,0.00013054176191593176,3788.0
3729,0.00013043725369187167,3789.0
3730,0.0001303329044525292,3790.0
3731,0.00013022872677034025,3791.0
3732,0.0001301247325487127,3792.0
3733,0.0001300209330607904,3793.0
3734,0.0001299173389852412,3794.0
3735,0.00012981396043934803,3795.0
3736,0.0001297108070093931,3796.0
3737,0.0001296078877781381,3797.0
3738,0.00012950521134961544,3798.0
3739,0.00012940278587153466,3799.0
3740,0.00012930061905576542,3800.0
3741,0.00012919871819725744,3801.0
3742,0.00012909709019173136,3802.0
3743,0.00012899574155228778,3803.0
3744,0.000128894678425114,3804.0
3745,0.00012879390660436443,3805.0
3746,0.00012869343154626732,3806.0
3747,0.00012859325838254743,3807.0
3748,0.00012849339193321982,3808.0
3749,0.00012839383671876543,3809.0
3750,0.00012829459697176357,3810.0
3751,0.00012819567664801646,3811.0
3752,0.00012809707943718277,3812.0
3753,0.00012799880774738953,3813.0
3754,0.0001279005435980838,3814.0
3755,0.000127801118679498,3815.0
3756,0.00012770049003423464,3816.0
3757,0.00012759890772708784,3817.0
3758,0.00012749657844062672,3818.0
3759,0.00012739367456439412,3819.0
3760,0.00012729034097689804,3820.0
3761,0.00012718670018580625,3821.0
3762,0.00012708285628238402,3822.0
3763,0.00012697889802861773,3823.0
3764,0.00012687490130269507,3824.0
3765,0.00012677093106496225,3825.0
3766,0.0001266670429616445,3826.0
3767,0.00012656328465180698,3827.0
3768,0.00012645969691991486,3828.0
3769,0.0001263563146195445,3829.0
3770,0.00012625316748156293,3830.0
3771,0.0001261502808112778,3831.0
3772,0.0001260476760926947,3832.0
3773,0.00012594537151371235,3833.0
3774,0.0001258433824229229,3834.0
3775,0.00012574172172674826,3835.0
3776,0.00012564040023407719,3836.0
3777,0.0001255394269547542,3837.0
3778,0.00012543880935734648,3838.0
3779,0.000125338553591208,3839.0
3780,0.00012523866467724682,3840.0
3781,0.00012513914667143736,3841.0
3782,0.00012504000280464823,3842.0
3783,0.0001249412356020048,3843.0
3784,0.00012484284698464616,3844.0
3785,0.00012474483835633022,3845.0
3786,0.00012464721067711773,3846.0
3787,0.00012454996452593785,3847.0
3788,0.0001244531001536721,3848.0
3789,0.00012435661752805815,3849.0
3790,0.00012426051637154414,3850.0
3791,0.00012416479619311734,3851.0
3792,0.0001240694563151234,3852.0
3793,0.00012397449589606879,3853.0
3794,0.00012387991395036021,3854.0
3795,0.00012378570936566474,3855.0
3796,0.00012369188091819637,3856.0
3797,0.00012359842728607156,3857.0
3798,0.00012350534706076898,3858.0
3799,0.00012341263875684504,3859.0
3800,0.00012332030082015877,3860.0
3801,0.0001232283316348409,3861.0
3802,0.0001231367295292927,3862.0
3803,0.00012304549278137073,3863.0
3804,0.00012295461962293636,3864.0
3805,0.00012286410824385657,3865.0
3806,0.00012277395679556943,3866.0
3807,0.00012268416339424935,3867.0
3808,0.00012259472612366173,3868.0
3809,0.0001225056430377214,3869.0
3810,0.00012241691216283133,3870.0
3811,0.00012232853149997774,3871.0
3812,0.00012224049902667024,3872.0
3813,0.00012215278504222493,3873.0
3814,0.00012206904534310751,3874.0
3815,0.00012200275875601145,3875.0
3816,0.00012195474593227116,3876.0
3817,0.00012192249303445527,3877.0
3818,0.00012190387417479314,3878.0
3819,0.00012189707817398775,3879.0
3820,0.00012190055268795986,3880.0
3821,0.00012191296097736803,3881.0
3822,0.00012193314798459552,3882.0
3823,0.0001219601133244304,3883.0
3824,0.00012199298944806608,3884.0
3825,0.00012203102370427536,3885.0
3826,0.00012207358980692126,3886.0
3827,0.00012235044887566837,3887.0
3828,0.00012260407304015637,3888.0
3829,0.00012283243162872703,3889.0
3830,0.00012303952846269664,3890.0
3831,0.00012322864418099456,3891.0
3832,0.00012340249999826425,3892.0
3833,0.00012356337676139182,3893.0
3834,0.00012371320298659386,3894.0
3835,0.0001238536209630374,3895.0
3836,0.00012398603710227178,3896.0
3837,0.00012411166082560172,3897.0
3838,0.00012423153502699565,3898.0
3839,0.0001243465602955114,3899.0
3840,0.00012445751448759767,3900.0
3841,0.0001245650688168615,3901.0
3842,0.00012466980132112482,3902.0
3843,0.00012477220833781184,3903.0
3844,0.00012487271444636794,3904.0
3845,0.00012497168120574685,3905.0
3846,0.0001250694149170838,3906.0
3847,0.00012516617356968671,3907.0
3848,0.0001252621730774931,3908.0
3849,0.00012535759287892194,3909.0
3850,0.0001254525809515191,3910.0
3851,0.000125547258280857,3911.0
3852,0.00012564172281828684,3912.0
3853,0.00012573605296249842,3913.0
3854,0.0001258303106030081,3914.0
3855,0.00012592454376719368,3915.0
3856,0.0001260187889134093,3916.0
3857,0.0001261130729107482,3917.0
3858,0.00012620741474192945,3918.0
3859,0.00012630182696184993,3919.0
3860,0.00012639631694089416,3920.0
3861,0.00012649088791963738,3921.0
3862,0.0001265855398989133,3922.0
3863,0.00012668027038669876,3923.0
3864,0.00012677507502033034,3924.0
3865,0.00012686994808013677,3925.0
3866,0.0001269648829086228,3926.0
3867,0.00012705987224850628,3927.0
3868,0.00012715490851274562,3928.0
3869,0.0001272499839996234,3929.0
3870,0.00012734509106495019,3930.0
3871,0.00012744022226145115,3931.0
3872,0.00012753537045265346,3932.0
3873,0.00012763052890613557,3933.0
3874,0.00012772569136917578,3934.0
3875,0.00012782085212896093,3935.0
3876,0.0001279160060590714,3936.0
3877,0.00012801114865392243,3937.0
3878,0.00012810627605279695,3938.0
3879,0.00012820138505502488,3939.0
3880,0.0001282964731278156,3940.0
3881,0.000128391538408001,3941.0
3882,0.00012848657969890038,3942.0
3883,0.00012858159646322344,3943.0
3884,0.00012867658881289123,3944.0
3885,0.000128771557496432,3945.0
3886,0.00012886647731052115,3946.0
3887,0.0001287364338407588,3947.0
3888,0.00012874116452024037,3948.0
3889,0.0001287621509904178,3949.0
3890,0.0001287938275566855,3950.0
3891,0.0001288346914562948,3951.0
3892,0.00012888358343052342,3952.0
3893,0.0001289395993927762,3953.0
3894,0.00012900202743623148,3954.0
3895,0.00012907030225418363,3955.0
3896,0.00012914397178164983,3956.0
3897,0.0001292226725713244,3957.0
3898,0.0001293061115022146,3958.0
3899,0.0001293940521242038,3959.0
3900,0.00012948630441014488,3960.0
3901,0.00012958271700700788,3961.0
3902,0.00012968317130449496,3962.0
3903,0.0001297875768075804,3963.0
3904,0.00012989586742906208,3964.0
3905,0.00013000799842147803,3965.0
3906,0.0001301239437501359,3966.0
3907,0.0001302436937742878,3967.0
3908,0.00013036725315297178,3968.0
3909,0.00013049463892764757,3969.0
3910,0.00013062587875761593,3970.0
3911,0.00013076100929833724,3971.0
3912,0.00013090007472003348,3972.0
3913,0.00013104312536622192,3973.0
3914,0.0001311902165514573,3974.0
3915,0.00013134140749551228,3975.0
3916,0.00013149676038894245,3976.0
3917,0.00013165633958255615,3977.0
3918,0.0001318202108913943,3978.0
3919,0.00013198844100205943,3979.0
3920,0.00013216109697129625,3980.0
3921,0.0001323382458028461,3981.0
3922,0.00013251995409019023,3982.0
3923,0.00013270628771428242,3983.0
3924,0.00013289731158845663,3984.0
3925,0.0001330930894465,3985.0
3926,0.00013329368367282735,3986.0
3927,0.00013349915517457236,3987.0
3928,0.00013370956329360797,3988.0
3929,0.0001339249657534577,3989.0
3930,0.00013414541863363596,3990.0
3931,0.00013437097636353454,3991.0
3932,0.0001346016917292853,3992.0
3933,0.00013483761588921922,3993.0
3934,0.0001350787983953897,3994.0
3935,0.00013532528721987746,3995.0
3936,0.00013557712878516865,3996.0
3937,0.0001358343679980973,3997.0
3938,0.00013609704828680065,3998.0
3939,0.00013636521164022227,3999.0
3940,0.00013663889864955266,4000.0
3941,0.00013691814855117465,4001.0
3942,0.0001372029992705893,4002.0
3943,0.00013749348746696226,4003.0
3944,0.00013778964857791314,4004.0
3945,0.00013809151686428273,4005.0
3946,0.00013839912545461045,4006.0
3947,0.0001387124750104972,4007.0
3948,0.0001389155573141621,4008.0
3949,0.00013912148792357047,4009.0
3950,0.0001393301247015759,4010.0
3951,0.00013954154450668624,4011.0
3952,0.0001397557907938776,4012.0
3953,0.00013997288174534087,4013.0
3954,0.00014019281625073896,4014.0
3955,0.00014041557836685383,4015.0
3956,0.0001406411406881588,4016.0
3957,0.0001408694669289644,4017.0
3958,0.0001411005139291996,4018.0
3959,0.00014133423323491428,4019.0
3960,0.00014157057236141801,4020.0
3961,0.0001418094758164246,4021.0
3962,0.0001420508859384492,4022.0
3963,0.00014229474358999384,4023.0
3964,0.0001425409887338729,4024.0
3965,0.00014278956091339786,4025.0
3966,0.0001430403996517985,4026.0
3967,0.0001432934447829017,4027.0
3968,0.00014354863672267284,4028.0
3969,0.0001438059166897783,4029.0
3970,0.00014406522688212013,4030.0
3971,0.00014432651061554725,4031.0
3972,0.0001445897124301661,4032.0
3973,0.00014485477816918093,4033.0
3974,0.00014512165503450836,4034.0
3975,0.00014539029162313616,4035.0
3976,0.00014566063794773997,4036.0
3977,0.00014593264544492218,4037.0
3978,0.00014620626697441454,4038.0
3979,0.00014648145681254185,4039.0
3980,0.00014675817064318888,4040.0
3981,0.00014703636554892066,4041.0
3982,0.00014731600000347997,4042.0
3983,0.00014759703386442644,4043.0
3984,0.00014787942836186178,4044.0
3985,0.00014816314607761188,4045.0
3986,0.000148448150910397,4046.0
3987,0.00014873440802682316,4047.0
3988,0.00014902188380296616,4048.0
3989,0.0001493105457640814,4049.0
3990,0.00014960036252914695,4050.0
3991,0.00014989130376362255,4051.0
3992,0.00015018334014060218,4052.0
3993,0.00015047644330836945,4053.0
3994,0.00015077058586209413,4054.0
3995,0.0001510657413175843,4055.0
3996,0.00015136188408593513,4056.0
3997,0.0001516589894483546,4057.0
3998,0.00015195703353097832,4058.0
3999,0.00015225599327966683,4059.0
4000,0.00015255584643489875,4060.0
4001,0.00015285657150685886,4061.0
4002,0.0001531581477508848,4062.0
4003,0.00015346055514334954,4063.0
4004,0.00015376377435808063,4064.0
4005,0.00015406778674332213,4065.0
4006,0.00015437257429934233,4066.0
4007,0.00015467812585584286,4067.0
4008,0.00015498422765931812,4068.0
4009,0.00015529018189016456,4069.0
4010,0.00015559597466841937,4070.0
4011,0.00015590175476310047,4071.0
4012,0.00015620763839458487,4072.0
4013,0.0001565137169282843,4073.0
4014,0.00015682006247750609,4074.0
4015,0.00015712673204625326,4075.0
4016,0.00015743377063813488,4076.0
4017,0.0001577412136245705,4077.0
4018,0.0001580490885767569,4078.0
4019,0.0001583574167054166,4079.0
4020,0.00015866621401038056,4080.0
4021,0.000158975492212362,4081.0
4022,0.00015928525951825558,4082.0
4023,0.0001595955212563777,4083.0
4024,0.00015990628040765746,4084.0
4025,0.0001602175380515563,4085.0
4026,0.00016052929374085225,4086.0
4027,0.00016084154581602668,4087.0
4028,0.00016115429166814658,4088.0
4029,0.00016146752795747057,4089.0
4030,0.00016178125079425494,4090.0
4031,0.00016209545588722113,4091.0
4032,0.00016241013866463388,4092.0
4033,0.0001627252943722551,4093.0
4034,0.00016304091815198265,4094.0
4035,0.00016335700510436115,4095.0
4036,0.00016367355033780032,4096.0
4037,0.00016399054900690865,4097.0
4038,0.0001643079963419167,4098.0
4039,0.00016462588767099203,4099.0
4040,0.00016494421843690407,4100.0
4041,0.00016526298420931616,4101.0
4042,0.00016558218069375483,4102.0
4043,0.00016590180373802493,4103.0
4044,0.00016622184933657433,4104.0
4045,0.0001665423136328798,4105.0
4046,0.00016686319291987667,4106.0
4047,0.00016718448363841585,4107.0
4048,0.00016750618237410645,4108.0
4049,0.0001678282858531017,4109.0
4050,0.00016815079093748098,4110.0
4051,0.00016847369462073082,4111.0
4052,0.00016879699402340924,4112.0
4053,0.0001691206863891111,4113.0
4054,0.00016944476908052204,4114.0
4055,0.00016976923957561242,4115.0
4056,0.0001700940954638106,4116.0
4057,0.00017041933444221616,4117.0
4058,0.00017074495431184135,4118.0
4059,0.00017107095297388503,4119.0
4060,0.00017139732842606385,4120.0
4061,0.00017172407875902065,4121.0
4062,0.0001720512021528384,4122.0
4063,0.00017237869687362458,4123.0
4064,0.00017270656127021144,4124.0
4065,0.00017303479377096993,4125.0
4066,0.00017336339288069334,4126.0
4067,0.00017369246701895295,4127.0
4068,0.0001740275643932607,4128.0
4069,0.00017438935175071663,4129.0
4070,0.00017477973190781557,4130.0
4071,0.00017519495253425746,4131.0
4072,0.0001756318367685443,4132.0
4073,0.00017608767598354034,4133.0
4074,0.00017656014796076365,4134.0
4075,0.0001770472535262543,4135.0
4076,0.00017754715697562877,4136.0
4077,0.0001773587284176174,4137.0
4078,0.00017713415392575367,4138.0
4079,0.00017687108707834995,4139.0
4080,0.00017657370316280093,4140.0
4081,0.00017624554062454546,4141.0
4082,0.00017588963003052917,4142.0
4083,0.00017550858974180902,4143.0
4084,0.00017510469786909791,4144.0
4085,0.0001746799471884805,4145.0
4086,0.0001742360877525041,4146.0
4087,0.00017377466059294015,4147.0
4088,0.0001732970249622546,4148.0
4089,0.0001728043808725646,4149.0
4090,0.00017229778818266648,4150.0
4091,0.0001717781831068655,4151.0
4092,0.00017124639274102612,4152.0
4093,0.0001707031480005394,4153.0
4094,0.00017014909522523774,4154.0
4095,0.00016958480661443068,4155.0
4096,0.0001690107895993415,4156.0
4097,0.0001684274952298428,4157.0
4098,0.00016783532563929027,4158.0
4099,0.0001672346406479018,4159.0
4100,0.000166625763567139,4160.0
4101,0.00016600898627148157,4161.0
4102,0.00016538457360774092,4162.0
4103,0.00016475276721427697,4163.0
4104,0.00016411378882184508,4164.0
4105,0.00016346784310274662,4165.0
4106,0.00016281512012549887,4166.0
4107,0.00016215579746044404,4167.0
4108,0.0001614900419713703,4168.0
4109,0.00016081801132356095,4169.0
4110,0.00016013985524027653,4170.0
4111,0.00015945571654526276,4171.0
4112,0.00015876573203465468,4172.0
4113,0.00015807003322389297,4173.0
4114,0.0001573687470104177,4174.0
4115,0.0001566619962785196,4175.0
4116,0.00015594990045232786,4176.0
4117,0.00015523257598554105,4177.0
4118,0.00015451013677204476,4178.0
4119,0.00015378269447064924,4179.0
4120,0.00015305035875100672,4180.0
4121,0.0001523132374771609,4181.0
4122,0.0001515714368470103,4182.0
4123,0.00015082506150275384,4183.0
4124,0.00015007421462252802,4184.0
4125,0.0001493189979993347,4185.0
4126,0.00014855951211065603,4186.0
4127,0.00014779585618048915,4187.0
4128,0.00014702812823486674,4188.0
4129,0.00014625642515153249,4189.0
4130,0.00014548084270426487,4190.0
4131,0.00014470147560240174,4191.0
4132,0.00014391841752596295,4192.0
4133,0.00014313176115685194,4193.0
4134,0.0001423415982065699,4194.0
4135,0.00014154801944080204,4195.0
4136,0.00014075134427527663,4196.0
4137,0.00014064177270060809,4197.0
4138,0.00014053439551394746,4198.0
4139,0.00014042896771585415,4199.0
4140,0.00014032550628276068,4200.0
4141,0.00014022400633185227,4201.0
4142,0.0001401244459567435,4202.0
4143,0.00014002678996444083,4203.0
4144,0.00013993099279245678,4204.0
4145,0.0001398370008081964,4205.0
4146,0.00013974475413871434,4206.0
4147,0.00013965418814027556,4207.0
4148,0.0001395652345893807,4208.0
4149,0.00013947782265650693,4209.0
4150,0.00013939187970885475,4210.0
4151,0.00013930733197717432,4211.0
4152,0.00013922410511337733,4212.0
4153,0.00013914212465939002,4213.0
4154,0.00013906131644279105,4214.0
4155,0.00013898160691124372,4215.0
4156,0.0001389029234149747,4216.0
4157,0.0001388251944445513,4217.0
4158,0.000138748349829709,4218.0
4159,0.0001386723209039974,4219.0
4160,0.00013859704063922212,4220.0
4161,0.00013852244375324007,4221.0
4162,0.00013844846679419943,4222.0
4163,0.00013837504820418792,4223.0
4164,0.00013830212836492354,4224.0
4165,0.00013822964962795404,4225.0
4166,0.00013815755633160768,4226.0
4167,0.00013808579480639792,4227.0
4168,0.00013801431337013645,4228.0
4169,0.00013794306231294695,4229.0
4170,0.00013787199387117627,4230.0
4171,0.0001378010621879425,4231.0
4172,0.00013773022325801177,4232.0
4173,0.00013765943485722251,4233.0
4174,0.00013758865646293117,4234.0
4175,0.00013751784917936856,4235.0
4176,0.0001374469756836286,4236.0
4177,0.00013737600019954126,4237.0
4178,0.0001373048884916211,4238.0
4179,0.00013723360786180983,4239.0
4180,0.0001371621271342926,4240.0
4181,0.00013709041662325345,4241.0
4182,0.0001370184480867896,4242.0
4183,0.0001369461946732142,4243.0
4184,0.0001368736308651432,4244.0
4185,0.0001368007324247197,4245.0
4186,0.00013672747634138052,4246.0
4187,0.00013665384078261162,4247.0
4188,0.00013657980504744807,4248.0
4189,0.0001365053495224726,4249.0
4190,0.0001364304556399385,4250.0
4191,0.00013635510583772894,4251.0
4192,0.00013627928352095552,4252.0
4193,0.00013620297302504864,4253.0
4194,0.00013612615958017403,4254.0
4195,0.00013604882927693927,4255.0
4196,0.0001359709597722854,4256.0
4197,0.00013589234056797563,4257.0
4198,0.0001358121916560407,4258.0
4199,0.00013573044841987464,4259.0
4200,0.00013564724424892452,4260.0
4201,0.0001355626930457024,4261.0
4202,0.00013547689250050155,4262.0
4203,0.00013538992671371466,4263.0
4204,0.00013530186831229235,4264.0
4205,0.00013521278017250728,4265.0
4206,0.00013512271683477318,4266.0
4207,0.0001350317256761303,4267.0
4208,0.00013493984789079072,4268.0
4209,0.00013484711931756237,4269.0
4210,0.0001347535711441668,4270.0
4211,0.0001346592305118141,4271.0
4212,0.00013456412103825632,4272.0
4213,0.00013446826327345737,4273.0
4214,0.00013437167509903344,4274.0
4215,0.00013427437208003384,4275.0
4216,0.00013417636777581063,4276.0
4217,0.00013407767401520937,4277.0
4218,0.0001339783011402597,4278.0
4219,0.0001338782582217508,4279.0
4220,0.00013377755324953157,4280.0
4221,0.00013367619329995,4281.0
4222,0.0001335741846827281,4282.0
4223,0.00013347153306922483,4283.0
4224,0.00013336824360404875,4284.0
4225,0.00013326432100180296,4285.0
4226,0.0001331597696306841,4286.0
4227,0.00013305459358451134,4287.0
4228,0.0001329487967446362,4288.0
4229,0.00013284238283295635,4289.0
4230,0.00013273535545687887,4290.0
4231,0.00013262771814659914,4291.0
4232,0.00013251947438443917,4292.0
4233,0.00013241062762557831,4293.0
4234,0.00013230118131005985,4294.0
4235,0.00013219113886796276,4295.0
4236,0.00013208050372218164,4296.0
4237,0.00013196927929434358,4297.0
4238,0.000131857469016793,4298.0
4239,0.00013174507634904756,4299.0
4240,0.00013163210479414774,4300.0
4241,0.00013151855791110182,4301.0
4242,0.00013140443932202822,4302.0
4243,0.00013128975271480014,4303.0
4244,0.00013117450184267043,4304.0
4245,0.00013105869052228893,4305.0
4246,0.0001309423226309846,4306.0
4247,0.00013082540210382343,4307.0
4248,0.00013070793293065114,4308.0
4249,0.0001305899191531868,4309.0
4250,0.00013047136486217897,4310.0
4251,0.00013035227419463998,4311.0
4252,0.0001302326513311289,4312.0
4253,0.00013011260136883712,4313.0
4254,0.00013018667672007152,4314.0
4255,0.00013022636189381084,4315.0
4256,0.00013023035350506117,4316.0
4257,0.0001302094198142439,4317.0
4258,0.0001301869648383518,4318.0
4259,0.00013016749753032094,4319.0
4260,0.00013015049564361436,4320.0
4261,0.0001301355196528231,4321.0
4262,0.00013012219560961134,4322.0
4263,0.00013011020257251856,4323.0
4264,0.00013009926318497872,4324.0
4265,0.00013008913645139663,4325.0
4266,0.00013007961206756797,4326.0
4267,0.00013007050586506607,4327.0
4268,0.00013006165606766685,4328.0
4269,0.0001300529201542459,4329.0
4270,0.0001300441721897519,4330.0
4271,0.00013003530053219063,4331.0
4272,0.00013002620585432414,4332.0
4273,0.00013001679943813103,4333.0
4274,0.00013000700171082787,4334.0
4275,0.00012999674099681754,4335.0
4276,0.00012998595246192435,4336.0
4277,0.0001299745772272618,4337.0
4278,0.000129962561630305,4338.0
4279,0.0001299498566117307,4339.0
4280,0.00012993641720789804,4340.0
4281,0.0001299222021307937,4341.0
4282,0.00012990717341950146,4342.0
4283,0.0001298912961496863,4343.0
4284,0.00012987453818996821,4344.0
4285,0.00012985686999627714,4345.0
4286,0.00012983826443731331,4346.0
4287,0.00012981869664609457,4347.0
4288,0.00012979814389402238,4348.0
4289,0.00012977658548519598,4349.0
4290,0.00012975400266924698,4350.0
4291,0.00012973037857062425,4351.0
4292,0.00012970569813022706,4352.0
4293,0.00012967994805154398,4353.0
4294,0.00012965311673907362,4354.0
4295,0.000129625194215173,4355.0
4296,0.0001295961720073152,4356.0
4297,0.00012956604301108556,4357.0
4298,0.00012953480134813363,4358.0
4299,0.00012950244224198404,4359.0
4300,0.00012946896192571886,4360.0
4301,0.0001294343575816865,4361.0
4302,0.0001293986273040966,4362.0
4303,0.00012936177007341623,4363.0
4304,0.00012932378573431245,4364.0
4305,0.00012928467497259097,4365.0
4306,0.00012924443928955635,4366.0
4307,0.00012920308097372462,4367.0
4308,0.0001291606030705776,4368.0
4309,0.00012911700935112875,4369.0
4310,0.00012907230428000854,4370.0
4311,0.00012902649298358206,4371.0
4312,0.0001289795812185196,4372.0
4313,0.00012893148303487275,4373.0
4314,0.00012870333725755134,4374.0
4315,0.0001285048335618807,4375.0
4316,0.00012833694180838082,4376.0
4317,0.0001281945387500336,4377.0
4318,0.00012807348566598841,4378.0
4319,0.00012797039430082407,4379.0
4320,0.00012788249969474915,4380.0
4321,0.00012823834288117465,4381.0
4322,0.0001285826075324038,4382.0
4323,0.00012891196590889475,4383.0
4324,0.00012922909842797965,4384.0
4325,0.0001295361662534044,4385.0
4326,0.00012983493789005954,4386.0
4327,0.00013012688038920205,4387.0
4328,0.00013041322600811442,4388.0
4329,0.00013069502149659138,4389.0
4330,0.00013097316487712359,4390.0
4331,0.00013124843310437323,4391.0
4332,0.00013152150301614263,4392.0
4333,0.00013179296733241148,4393.0
4334,0.0001320633470046067,4394.0
4335,0.00013233310089111336,4395.0
4336,0.00013260263349251802,4396.0
4337,0.00013287230129337238,4397.0
4338,0.0001331424181106045,4398.0
4339,0.00013341325973260639,4399.0
4340,0.00013368506804228858,4400.0
4341,0.00013395805474863384,4401.0
4342,0.00013423240480147188,4402.0
4343,0.0001345082795306962,4403.0
4344,0.00013478581953043468,4404.0
4345,0.0001350651472979262,4405.0
4346,0.00013534636963272908,4406.0
4347,0.0001356295798020125,4407.0
4348,0.0001359148594799107,4408.0
4349,0.0001362022804717287,4409.0
4350,0.00013649190623636864,4410.0
4351,0.00013678379322188054,4411.0
4352,0.0001370779920294822,4412.0
4353,0.0001373745484208495,4413.0
4354,0.0001376735041823178,4414.0
4355,0.00013797489785899792,4415.0
4356,0.00013827876537187054,4416.0
4357,0.0001385851405317628,4417.0
4358,0.00013889405546444494,4418.0
4359,0.00013920554096008984,4419.0
4360,0.00013951962675855283,4420.0
4361,0.00013983634178068812,4421.0
4362,0.0001401557143157963,4422.0
4363,0.00014047777217565934,4423.0
4364,0.0001408025428249036,4424.0
4365,0.00014113005349519417,4425.0
4366,0.00014146033128778268,4426.0
4367,0.00014179340326623288,4427.0
4368,0.00014212929653963392,4428.0
4369,0.00014246803833601397,4429.0
4370,0.0001428096560659285,4430.0
4371,0.00014315417737659084,4431.0
4372,0.00014350163019726593,4432.0
4373,0.00014385204277692496,4433.0
4374,0.00014420544371523616,4434.0
4375,0.00014456172435948624,4435.0
4376,0.0001447241773177158,4436.0
4377,0.00014487482962465098,4437.0
4378,0.00014501293805227415,4438.0
4379,0.0001451404227447149,4439.0
4380,0.0001452589174580977,4440.0
4381,0.00014494338411339143,4441.0
4382,0.00014464739588943362,4442.0
4383,0.0001443736371359793,4443.0
4384,0.000144118271939965,4444.0
4385,0.0001438782225739156,4445.0
4386,0.00014365098613279353,4446.0
4387,0.00014343450293555015,4447.0
4388,0.00014322706059786367,4448.0
4389,0.00014302722315778289,4449.0
4390,0.00014283377807029,4450.0
4391,0.00014264569609953804,4451.0
4392,0.00014246210060008422,4452.0
4393,0.00014228224366983288,4453.0
4394,0.00014210548734619547,4454.0
4395,0.00014193128850777294,4455.0
4396,0.0001417591865015268,4456.0
4397,0.00014158879278144856,4457.0
4398,0.00014141978204511204,4458.0
4399,0.00014125188450577305,4459.0
4400,0.0001410848790510548,4460.0
4401,0.00014091858712187103,4461.0
4402,0.00014075286720347107,4462.0
4403,0.00014058760985889444,4463.0
4404,0.0001404227332586781,4464.0
4405,0.00014025817917312895,4465.0
4406,0.00014009390939872255,4466.0
4407,0.00013992990259090705,4467.0
4408,0.00013976615147427273,4468.0
4409,0.00013960266039936023,4469.0
4410,0.0001394394432144591,4470.0
4411,0.0001392765214212634,4471.0
4412,0.00013911392258498026,4472.0
4413,0.00013895167897178245,4473.0
4414,0.00013878982638875772,4474.0
4415,0.0001386284032034264,4475.0
4416,0.0001384674495218161,4476.0
4417,0.0001383070065063294,4477.0
4418,0.00013814711581715413,4478.0
4419,0.00013798781916301526,4479.0
4420,0.0001378291579478672,4480.0
4421,0.0001376711729994,4481.0
4422,0.0001375139043638339,4482.0
4423,0.00013735739115091792,4483.0
4424,0.0001372016714144564,4484.0
4425,0.00013704678205721154,4485.0
4426,0.00013689275875313213,4486.0
4427,0.00013673963588349745,4487.0
4428,0.00013658744648568463,4488.0
4429,0.00013643622221411658,4489.0
4430,0.00013628599331296968,4490.0
4431,0.00013613678859985908,4491.0
4432,0.00013598863545945353,4492.0
4433,0.00013584155984567212,4493.0
4434,0.00013569558629120612,4494.0
4435,0.0001355508381915671,4495.0
4436,0.00013561194143609756,4496.0
4437,0.00013567486145154274,4497.0
4438,0.00013573940028177638,4498.0
4439,0.0001358057826433199,4499.0
4440,0.0001358741799618317,4500.0
4441,0.00013594472130441912,4501.0
4442,0.00013601750170940256,4502.0
4443,0.00013609258862404811,4503.0
4444,0.00013617002695214691,4504.0
4445,0.00013624984306987676,4505.0
4446,0.00013633204806800817,4506.0
4447,0.00013641664040682256,4507.0
4448,0.00013650360811865196,4508.0
4449,0.0001365929306554921,4509.0
4450,0.000136684580452378,4510.0
4451,0.00013677852425809912,4511.0
4452,0.0001368747242714312,4512.0
4453,0.0001369731391119589,4513.0
4454,0.0001370737246483582,4514.0
4455,0.00013717643470283043,4515.0
4456,0.00013728122164753515,4516.0
4457,0.00013738803690679412,4517.0
4458,0.00013749683137724087,4518.0
4459,0.0001376075557768355,4519.0
4460,0.00013772016093246492,4520.0
4461,0.00013783459801477757,4521.0
4462,0.00013795081872805981,4522.0
4463,0.00013806877546203614,4523.0
4464,0.00013818842141180354,4524.0
4465,0.00013830971067156067,4525.0
4466,0.00013843259830725226,4526.0
4467,0.00013855704041279077,4527.0
4468,0.00013868299415368139,4528.0
4469,0.0001388104178006539,4529.0
4470,0.00013893927075409566,4530.0
4471,0.00013906951355823142,4531.0
4472,0.00013920110790310224,4532.0
4473,0.0001393340166134013,4533.0
4474,0.00013946820362568967,4534.0
4475,0.00013960363395812306,4535.0
4476,0.00013974027367768917,4536.0
4477,0.00013987808986876075,4537.0
4478,0.00014001705060459775,4538.0
4479,0.00014015712492167838,4539.0
4480,0.00014029828279587246,4540.0
4481,0.0001404404951194156,4541.0
4482,0.00014058373367795197,4542.0
4483,0.0001407279711272975,4543.0
4484,0.00014087318096987745,4544.0
4485,0.00014101933753086712,4545.0
4486,0.00014116641593421626,4546.0
4487,0.00014131439207872495,4547.0
4488,0.00014146324261426511,4548.0
4489,0.0001416129449183388,4549.0
4490,0.00014176347707298788,4550.0
4491,0.00014191481784219258,4551.0
4492,0.00014206694664973708,4552.0
4493,0.00014221984355766804,4553.0
4494,0.00014237348924526493,4554.0
4495,0.00014252786862320688,4555.0
4496,0.00014268253675003321,4556.0
4497,0.00014283593416768704,4557.0
4498,0.00014298798486555138,4558.0
4499,0.0001431389980493439,4559.0
4500,0.00014328922714934025,4560.0
4501,0.00014343888117881494,4561.0
4502,0.00014358813330785363,4562.0
4503,0.00014373712743575112,4563.0
4504,0.0001438859833075143,4564.0
4505,0.0001440348005595963,4565.0
4506,0.0001441836619692175,4566.0
4507,0.00014433263610394597,4567.0
4508,0.00014448177951274,4568.0
4509,0.00014463113856012566,4569.0
4510,0.00014478075097688274,4570.0
4511,0.00014493064718044038,4571.0
4512,0.00014508085140443164,4572.0
4513,0.0001452313826670372,4573.0
4514,0.00014538225560135467,4574.0
4515,0.00014553348116660216,4575.0
4516,0.00014568506725585673,4576.0
4517,0.00014583701921389985,4577.0
4518,0.00014598934027705636,4578.0
4519,0.00014614203194549262,4579.0
4520,0.00014629509429728407,4580.0
4521,0.00014644852625251417,4581.0
4522,0.0001466023257946224,4582.0
4523,0.00014675649015534204,4583.0
4524,0.00014691101596879384,4584.0
4525,0.00014706589939947454,4585.0
4526,0.00014722113624836446,4586.0
4527,0.00014737672204068834,4587.0
4528,0.00014753265209848835,4588.0
4529,0.00014768892160063995,4589.0
4530,0.00014784552563252234,4590.0
4531,0.00014800245922700923,4591.0
4532,0.00014815971739798515,4592.0
4533,0.00014831729516710752,4593.0
4534,0.00014847518758461846,4594.0
4535,0.00014863338974503235,4595.0
4536,0.00014879189679884404,4596.0
4537,0.00014895070396131994,4597.0
4538,0.00014910980651922833,4598.0
4539,0.00014926919983602487,4599.0
4540,0.00014942887935578728,4600.0
4541,0.0001495888406060489,4601.0
4542,0.00014974907919966573,4602.0
4543,0.00014990959083582806,4603.0
4544,0.00015007037130035445,4604.0
4545,0.00015023141646538956,4605.0
4546,0.00015039272228861263,4606.0
4547,0.0001505542848120672,4607.0
4548,0.0001507161001606712,4608.0
4549,0.00015087816454051827,4609.0
4550,0.00015104047423700713,4610.0
4551,0.0001512030256128112,4611.0
4552,0.00015136581510581443,4612.0
4553,0.00015152883922694068,4613.0
4554,0.0001516920945579877,4614.0
4555,0.0001518556207491647,4615.0
4556,0.00015202364790772735,4616.0
4557,0.0001522118985661551,4617.0
4558,0.000152421669278577,4618.0
4559,0.0001526500691379618,4619.0
4560,0.00015289463605342712,4620.0
4561,0.00015315326182331412,4621.0
4562,0.00015342409239033536,4622.0
4563,0.00015397659846742227,4623.0
4564,0.00015451226203703472,4624.0
4565,0.00015502783395720282,4625.0
4566,0.00015552677605779278,4626.0
4567,0.00015601198790142381,4627.0
4568,0.00015648592414241018,4628.0
4569,0.00015695068140440094,4629.0
4570,0.0001574080634135637,4630.0
4571,0.0001578596304726693,4631.0
4572,0.00015830673759386116,4632.0
4573,0.0001587505643945636,4633.0
4574,0.00015919213900433412,4634.0
4575,0.000159632357609682,4635.0
4576,0.00016007200080556027,4636.0
4577,0.00016051174757994495,4637.0
4578,0.00016095218750357114,4638.0
4579,0.00016139383151058786,4639.0
4580,0.0001618371215238197,4640.0
4581,0.0001622824390889413,4641.0
4582,0.000162730113125036,4642.0
4583,0.00016318042686605793,4643.0
4584,0.00016363362405087133,4644.0
4585,0.00016408991441291325,4645.0
4586,0.00016454947851933687,4646.0
4587,0.00016501247201100648,4647.0
4588,0.00016547902929669835,4648.0
4589,0.000165949266756672,4649.0
4590,0.0001664232855113529,4650.0
4591,0.00016690117380982537,4651.0
4592,0.00016738300908917533,4652.0
4593,0.00016786885974957522,4653.0
4594,0.00016835878668197032,4654.0
4595,0.00016885284457805936,4655.0
4596,0.00016935108304721232,4656.0
4597,0.00016985354756218784,4657.0
4598,0.00017036028025312338,4658.0
4599,0.00017087132056598216,4659.0
4600,0.00017138670579811745,4660.0
4601,0.00017190647152185736,4661.0
4602,0.0001724306519088327,4662.0
4603,0.000172959279972823,4663.0
4604,0.00017349238775363627,4664.0
4605,0.0001740300064654995,4665.0
4606,0.00017457216662869937,4666.0
4607,0.00017511889819509936,4667.0
4608,0.00017567023067067072,4668.0
4609,0.00017622619323323345,4669.0
4610,0.00017678681484220357,4670.0
4611,0.00017735212433768038,4671.0
4612,0.0001779221505274427,4672.0
4613,0.00017849692226191684,4673.0
4614,0.00017907646849783234,4674.0
4615,0.00017966081835191238,4675.0
4616,0.00018025000114599483,4676.0
4617,0.00018084404644495226,4677.0
4618,0.00018144298408871048,4678.0
4619,0.00018204684421934084,4679.0
4620,0.00018265565730421626,4680.0
4621,0.00018326945415588392,4681.0
4622,0.00018388815646585936,4682.0
4623,0.00018422275613458512,4683.0
4624,0.0001845614685843982,4684.0
4625,0.00018490444895805696,4685.0
4626,0.0001852511441714531,4686.0
4627,0.00018560109666677352,4687.0
4628,0.0001859539240809817,4688.0
4629,0.00018630930419610316,4689.0
4630,0.00018666696360782493,4690.0
4631,0.0001870266690567397,4691.0
4632,0.0001873882206939114,4692.0
4633,0.00018775144676972178,4693.0
4634,0.00018811619938181585,4694.0
4635,0.00018848235101974717,4695.0
4636,0.00018884979171557165,4696.0
4637,0.00018921842666118693,4697.0
4638,0.00018958817419034948,4698.0
4639,0.00018995896405057304,4699.0
4640,0.0001903307359098603,4700.0
4641,0.00019070343805765075,4701.0
4642,0.00019107702626960086,4702.0
4643,0.00019145146281309607,4703.0
4644,0.00019182671557534646,4704.0
4645,0.00019220275729948504,4705.0
4646,0.00019257956491630215,4706.0
4647,0.0001929571189609517,4707.0
4648,0.00019333540306522333,4708.0
4649,0.00019371440351672543,4709.0
4650,0.00019409410887737726,4710.0
4651,0.00019447450965399875,4711.0
4652,0.00019485559801477945,4712.0
4653,0.00019523736754572027,4713.0
4654,0.00019561981304198583,4714.0
4655,0.00019600293032943895,4715.0
4656,0.00019638671611219632,4716.0
4657,0.00019677116784238164,4717.0
4658,0.0001971562836086525,4718.0
4659,0.0001975420620404275,4719.0
4660,0.00019792850222523259,4720.0
4661,0.00019831560363728137,4721.0
4662,0.00019870336607619515,4722.0
4663,0.00019909178961520087,4723.0
4664,0.00019948087455836175,4724.0
4665,0.00019987062140586225,4725.0
4666,0.00020026103082592252,4726.0
4667,0.00020065210363180567,4727.0
4668,0.0002010438407624622,4728.0
4669,0.00020143624326587862,4729.0
4670,0.00020182931228458797,4730.0
4671,0.00020222304904297025,4731.0
4672,0.00020261745483624125,4732.0
4673,0.00020301253102090902,4733.0
4674,0.0002034082790066066,4734.0
4675,0.00020380470024910718,4735.0
4676,0.00020420179624442282,4736.0
4677,0.0002045995685237843,4737.0
4678,0.0002049980186493995,4738.0
4679,0.000205397148210886,4739.0
4680,0.0002057969588222407,4740.0
4681,0.00020619745211929958,4741.0
4682,0.00020659862460678036,4742.0
4683,0.000207001192526281,4743.0
4684,0.0002074077712297695,4744.0
4685,0.00020781853006823678,4745.0
4686,0.00020823298111908662,4746.0
4687,0.00020865071677128545,4747.0
4688,0.00020907139341109436,4748.0
4689,0.00020949471919666545,4749.0
4690,0.00020992044474867834,4750.0
4691,0.0002103483559530329,4751.0
4692,0.00021077826831386156,4752.0
4693,0.00021121002245762287,4753.0
4694,0.00021164348050069112,4754.0
4695,0.0002120785230711723,4755.0
4696,0.00021251504683155944,4756.0
4697,0.00021295296238934118,4757.0
4698,0.00021339219251252238,4758.0
4699,0.00021383267058877766,4759.0
4700,0.0002142743392833561,4760.0
4701,0.00021471714936239792,4761.0
4702,0.00021516105865703692,4762.0
4703,0.000215606031149487,4763.0
4704,0.000216052036166607,4764.0
4705,0.0002164990476689553,4765.0
4706,0.00021694704362539756,4766.0
4707,0.00021739550867309898,4767.0
4708,0.00021750825829326706,4768.0
4709,0.0002176000059267208,4769.0
4710,0.00021766977696879392,4770.0
4711,0.00021772007933477675,4771.0
4712,0.0002177531068778052,4772.0
4713,0.00021777078046872355,4773.0
4714,0.00021777478222148193,4774.0
4715,0.00021776658454658886,4775.0
4716,0.0002177474752412889,4776.0
4717,0.00021771857947300665,4777.0
4718,0.00021768087925466416,4778.0
4719,0.00021763523082586513,4779.0
4720,0.00021758238022642456,4780.0
4721,0.000217522977262647,4781.0
4722,0.0002174575880098321,4782.0
4723,0.0002173867059576349,4783.0
4724,0.00021731076188439598,4784.0
4725,0.00021723013254067947,4785.0
4726,0.00021714514822776055,4786.0
4727,0.00021705609936638394,4787.0
4728,0.00021696324215915252,4788.0
4729,0.00021686680345167996,4789.0
4730,0.00021676698489393728,4790.0
4731,0.00021666396649523936,4791.0
4732,0.00021655790965687007,4792.0
4733,0.00021644895975644662,4793.0
4734,0.00021633724834857463,4794.0
4735,0.00021622289503743663,4795.0
4736,0.0002161060090685127,4796.0
4737,0.00021598669067900687,4797.0
4738,0.00021586503223981876,4798.0
4739,0.00021574111921672282,4799.0
4740,0.00021561503097584814,4800.0
4741,0.00021548684145739194,4801.0
4742,0.00021535681930430194,4802.0
4743,0.00021523382177257697,4803.0
4744,0.00021515032453633801,4804.0
4745,0.00021510874591337522,4805.0
4746,0.00021510263682306477,4806.0
4747,0.00021512661783933294,4807.0
4748,0.0002151761609497913,4808.0
4749,0.00021524742648509803,4809.0
4750,0.000215337139333201,4810.0
4751,0.00021544249351657745,4811.0
4752,0.00021556107747697616,4812.0
4753,0.00021569081461658018,4813.0
4754,0.00021582991517106622,4814.0
4755,0.00021597683657236823,4815.0
4756,0.00021613025024257295,4816.0
4757,0.00021628901333529794,4817.0
4758,0.00021645214436377748,4818.0
4759,0.00021661880196395587,4819.0
4760,0.00021678826626105589,4820.0
4761,0.00021695992246091795,4821.0
4762,0.0002171332463884818,4822.0
4763,0.00021730779175993615,4823.0
4764,0.00021748317901347581,4824.0
4765,0.0002176590855462849,4825.0
4766,0.000217835237218439,4826.0
4767,0.00021801185684911924,4827.0
4768,0.00021853647797150197,4828.0
4769,0.0002190628138627575,4829.0
4770,0.00021959040267059216,4830.0
4771,0.00022011964975218555,4831.0
4772,0.0002206508722994509,4832.0
4773,0.00022118431550910897,4833.0
4774,0.00022172016537177138,4834.0
4775,0.00022225855895697136,4835.0
4776,0.0002227995928115531,4836.0
4777,0.00022334332990745322,4837.0
4778,0.00022388980544832963,4838.0
4779,0.00022443903175691312,4839.0
4780,0.0002249910024054164,4840.0
4781,0.0002255456957113255,4841.0
4782,0.00022610307769426792,4842.0
4783,0.00022666310457146972,4843.0
4784,0.0002272257248571373,4844.0
4785,0.00022779088112170605,4845.0
4786,0.00022835851145965814,4846.0
4787,0.00022892855070849732,4847.0
4788,0.00022950093145613216,4848.0
4789,0.00023007558486911006,4849.0
4790,0.00023065244136966694,4850.0
4791,0.00023123143118582707,4851.0
4792,0.000231812484795408,4852.0
4793,0.0002323955332816602,4853.0
4794,0.0002329805086161149,4854.0
4795,0.00023356734388193758,4855.0
4796,0.00023415597344950338,4856.0
4797,0.00023474633311393163,4857.0
4798,0.0002353383602020945,4858.0
4799,0.000235931993653748,4859.0
4800,0.00023652717407815065,4860.0
4801,0.00023712384378596707,4861.0
4802,0.0002377219467969395,4862.0
4803,0.00023832142882698157,4863.0
4804,0.0002389222372613026,4864.0
4805,0.00023952432112086234,4865.0
4806,0.0002401276310272413,4866.0
4807,0.00024073211916820686,4867.0
4808,0.00024133773926381523,4868.0
4809,0.00024194444653241945,4869.0
4810,0.00024255219765560238,4870.0
4811,0.00024316095074182527,4871.0
4812,0.0002437706652887655,4872.0
4813,0.0002443813021445826,4873.0
4814,0.00024499282346847654,4874.0
4815,0.0002456051926909114,4875.0
4816,0.0002462183744737766,4876.0
4817,0.0002468323346708004,4877.0
4818,0.0002474470402883903,4878.0
4819,0.00024806245944705767,4879.0
4820,0.00024867856134357097,4880.0
4821,0.00024929531621390875,4881.0
4822,0.0002499126952970997,4882.0
4823,0.0002505306707999257,4883.0
4824,0.0002511492158625993,4884.0
4825,0.00025176830452540005,4885.0
4826,0.000252387911696231,4886.0
4827,0.0002530080214243677,4887.0
4828,0.00025362751802004524,4888.0
4829,0.00025424241152113174,4889.0
4830,0.00025485251300753133,4890.0
4831,0.00025545863100183734,4891.0
4832,0.0002560614366856628,4892.0
4833,0.0002566614894854032,4893.0
4834,0.0002572592569059422,4894.0
4835,0.00025785513016878534,4895.0
4836,0.00025844943674754645,4896.0
4837,0.0002590424505730307,4897.0
4838,0.00025963440045552347,4898.0
4839,0.0002602254771151616,4899.0
4840,0.0002608158391012728,4900.0
4841,0.00026140561780590266,4901.0
4842,0.0002619949217247851,4902.0
4843,0.0002625838400839082,4903.0
4844,0.00026317244592543264,4904.0
4845,0.00026376079873023113,4905.0
4846,0.0002643489466421845,4906.0
4847,0.00026493692835016336,4907.0
4848,0.0002655247746762451,4908.0
4849,0.00026611250991252734,4909.0
4850,0.00026670015294349113,4910.0
4851,0.0002672877181859911,4911.0
4852,0.0002678752163746554,4912.0
4853,0.00026846265521675213,4913.0
4854,0.00026905003993704245,4914.0
4855,0.00026963737373055316,4915.0
4856,0.0002702246581385411,4916.0
4857,0.0002708118933610926,4917.0
4858,0.00027139907851781136,4918.0
4859,0.0002719862118661643,4919.0
4860,0.00027257329098463013,4920.0
4861,0.0002731603129252492,4921.0
4862,0.00027374727433806785,4922.0
4863,0.00027433417156970695,4923.0
4864,0.000274921000739541,4924.0
4865,0.00027550775779823424,4925.0
4866,0.00027609443857370394,4926.0
4867,0.0002766810388084636,4927.0
4868,0.0002772675541907654,4928.0
4869,0.000277853980380567,4929.0
4870,0.0002784403130311037,4930.0
4871,0.00027902654780635847,4931.0
4872,0.0002796126803948513,4932.0
4873,0.00028019870652032033,4933.0
4874,0.00028078462194971093,4934.0
4875,0.0002813704224988851,4935.0
4876,0.000281956104036563,4936.0
4877,0.0002825416624867113,4937.0
4878,0.0002831270938298034,4938.0
4879,0.00028371239410306137,4939.0
4880,0.0002842975594000005,4940.0
4881,0.00028488258586934666,4941.0
4882,0.0002854674697135107,4942.0
4883,0.00028605220718671014,4943.0
4884,0.0002866367945928236,4944.0
4885,0.0002872212282830738,4945.0
4886,0.000287805504653551,4946.0
4887,0.00028838970119475667,4947.0
4888,0.0002889819845013407,4948.0
4889,0.0002896126944855592,4949.0
4890,0.00029028422105633884,4950.0
4891,0.00029099086314486876,4951.0
4892,0.000291727764635522,4952.0
4893,0.00029249077685510933,4953.0
4894,0.0002932763493450649,4954.0
4895,0.0002940814414813396,4955.0
4896,0.0002949034496592555,4956.0
4897,0.00029574014629318103,4957.0
4898,0.00029658962797733814,4958.0
4899,0.0002974502709340767,4959.0
4900,0.00029832069242284365,4960.0
4901,0.0002991997171568788,4961.0
4902,0.0003000863480234347,4962.0
4903,0.00030097974056414245,4963.0
4904,0.00030187918077420226,4964.0
4905,0.0003027840658439846,4965.0
4906,0.00030369388750968657,4966.0
4907,0.0003046082177113025,4967.0
4908,0.0003055266962819394,4968.0
4909,0.00030644902041613887,4969.0
4910,0.0003073749356873383,4970.0
4911,0.0003083042284072559,4971.0
4912,0.0003092366430093462,4972.0
4913,0.0003101599559312539,4973.0
4914,0.00031104428060386166,4974.0
4915,0.00031188706642802275,4975.0
4916,0.000312694589316076,4976.0
4917,0.0003134722230632363,4977.0
4918,0.00031422456957999476,4978.0
4919,0.000314955567229641,4979.0
4920,0.00031566858242361353,4980.0
4921,0.0003163664880916703,4981.0
4922,0.0003170517315616313,4982.0
4923,0.0003177263936339146,4983.0
4924,0.0003183922401332889,4984.0
4925,0.000319050766898353,4985.0
4926,0.0003197032389724044,4986.0
4927,0.0003203507246410405,4987.0
4928,0.00032099412488772403,4988.0
4929,0.000321634198786028,4989.0
4930,0.0003222715853046343,4990.0
4931,0.00032290682196235335,4991.0
4932,0.0003235403607332205,4992.0
4933,0.0003241725815644144,4993.0
4934,0.00032480380383377464,4994.0
4935,0.0003254342960379613,4995.0
4936,0.00032606428396843735,4996.0
4937,0.00032669395760067613,4997.0
4938,0.00032732347689232757,4998.0
4939,0.00032795297665886604,4999.0
4940,0.0003285825706701283,5000.0
4941,0.0003292123550880042,5001.0
4942,0.00032984241134400774,5002.0
4943,0.00033047280853745666,5003.0
4944,0.00033110360542096154,5004.0
4945,0.0003317348520328471,5005.0
4946,0.000332366591034636,5006.0
4947,0.0003329988588112659,5007.0
4948,0.0003336316863875145,5008.0
4949,0.00033426510020336794,5009.0
4950,0.0003348991227780544,5010.0
4951,0.00033553377328096205,5011.0
4952,0.00033616906802128607,5012.0
4953,0.00033680502086525177,5013.0
4954,0.0003374416435893493,5014.0
4955,0.000338078946177615,5015.0
4956,0.0003387169370712278,5016.0
4957,0.00033935562337744,5017.0
4958,0.00033999501104459666,5018.0
4959,0.00034063510500891535,5019.0
4960,0.00034127590931762243,5020.0
4961,0.0003419174272326291,5021.0
4962,0.00034255966131803916,5022.0
4963,0.0003432026135141881,5023.0
4964,0.0003438462852004795,5024.0
4965,0.00034449067724900945,5025.0
4966,0.00034513579007040916,5026.0
4967,0.0003457816236532326,5027.0
4968,0.00034642817759798945,5028.0
4969,0.0003470754511466062,5029.0
4970,0.0003477234432081842,5030.0
4971,0.00034837215238150596,5031.0
4972,0.0003490215853552877,5032.0
4973,0.00034967404861992136,5033.0
4974,0.0003503219380596803,5034.0
4975,0.0003509651271169,5035.0
4976,0.00035160452579985005,5036.0
4977,0.0003522408767507168,5037.0
4978,0.00035287478775698327,5038.0
4979,0.00035350675690986303,5039.0
4980,0.0003541371924015447,5040.0
4981,0.0003547664283422727,5041.0
4982,0.00035539473756467636,5042.0
4983,0.00035602234210111,5043.0
4984,0.0003566494218275732,5044.0
4985,0.00035727612163641265,5045.0
4986,0.000357902557410022,5046.0
4987,0.0003585288210056076,5047.0
4988,0.0003591549844171389,5048.0
4989,0.00035978110324922,5049.0
4990,0.0003604072196137976,5050.0
4991,0.00036103336454229145,5051.0
4992,0.0003616595599910459,5052.0
4993,0.0003622858205058909,5053.0
4994,0.00036291215460127743,5054.0
4995,0.0003635385659009904,5055.0
4996,0.0003641650540799266,5056.0
4997,0.00036479161564023166,5057.0
4998,0.0003654182445499225,5058.0
4999,0.0003660449327676282,5059.0
5000,0.00036667167067360937,5060.0
5001,0.00036729844742433,5061.0
5002,0.00036792525124515826,5062.0
5003,0.000368552069673199,5063.0
5004,0.00036917888975887623,5064.0
5005,0.00036980569823175975,5065.0
5006,0.0003704324816335216,5066.0
5007,0.00037105922642090045,5067.0
5008,0.000371685919043053,5068.0
5009,0.00037231254599948854,5069.0
5010,0.0003729390938842985,5070.0
5011,0.000373565549421392,5071.0
5012,0.00037419189949300835,5072.0
5013,0.00037481813116289355,5073.0
5014,0.00037544423169460535,5074.0
5015,0.00037607018856560296,5075.0
5016,0.0003766959894774374,5076.0
5017,0.00037732162236273835,5077.0
5018,0.00037794707538951717,5078.0
5019,0.0003785723369630989,5079.0
5020,0.000379197395726417,5080.0
5021,0.0003798222405588313,5081.0
5022,0.00038044686057379126,5082.0
5023,0.0003810712451156784,5083.0
5024,0.0003816953837560296,5084.0
5025,0.0003823192662892201,5085.0
5026,0.0003829428827277859,5086.0
5027,0.00038356622329758095,5087.0
5028,0.0003841892784326919,5088.0
5029,0.0003848120387702943,5089.0
5030,0.00038543449514547793,5090.0
5031,0.0003860566385860748,5091.0
5032,0.00038667846727179125,5092.0
5033,0.00038729900099568164,5093.0
5034,0.0003879147547957292,5094.0
5035,0.00038852569127073686,5095.0
5036,0.0003891326297332236,5096.0
5037,0.0003897362372634191,5097.0
5038,0.0003903370594098844,5098.0
5039,0.00039093554368361275,5099.0
5040,0.00039153205784880993,5100.0
5041,0.00039212690438723255,5101.0
5042,0.00039272033209388326,5102.0
5043,0.0003933125454787292,5103.0
5044,0.00039390371245688805,5104.0
5045,0.00039449397067924135,5105.0
5046,0.0003950834327660841,5106.0
5047,0.0003956721906444883,5107.0
5048,0.0003962603191471695,5108.0
5049,0.00039684787899892744,5109.0
5050,0.0003974349192935963,5110.0
5051,0.00039802147954680117,5111.0
5052,0.0003986075913949106,5112.0
5053,0.00039919327999975857,5113.0
5054,0.00039977856520835467,5114.0
5055,0.00040036346250924964,5115.0
5056,0.00040094798382020604,5116.0
5057,0.00040153213813610885,5117.0
5058,0.00040211593206135337,5118.0
5059,0.0004026993702469683,5119.0
5060,0.0004032824557496477,5120.0
5061,0.0004038651903269592,5121.0
5062,0.0004044475746814598,5122.0
5063,0.00040502960866349515,5123.0
5064,0.000405611291440792,5124.0
5065,0.00040619262163958935,5125.0
5066,0.0004067735974601354,5126.0
5067,0.0004073542167683703,5127.0
5068,0.00040793447716668685,5128.0
5069,0.0004085143760481942,5129.0
5070,0.00040909391063916094,5130.0
5071,0.000409673078033584,5131.0
5072,0.0004102518752222853,5132.0
5073,0.00041083029911770266,5133.0
5074,0.00041140834657483555,5134.0
5075,0.0004119860144088934,5135.0
5076,0.00041256329940980973,5136.0
5077,0.00041314019835425836,5137.0
5078,0.00041371670801520837,5138.0
